Date,Open,High,Low,Close,Volume,OpenInterest
2021-10-13 10:40:00,3245.595,3245.595,3244.04,3244.04,200,0.0
2021-10-13 10:41:00,3245.365,3245.78,3245.365,3245.77,510,0.0
2021-10-13 10:44:00,3242.92,3244.12,3242.92,3243.37,400,0.0
2021-10-13 10:45:00,3243.17,3243.25,3242.93,3242.93,408,0.0
2021-10-13 10:46:00,3243.51,3243.51,3243.51,3243.51,207,0.0
2021-10-13 10:51:00,3248.68,3248.68,3248.68,3248.68,102,0.0
2021-10-13 10:55:00,3249.48,3249.48,3249.48,3249.48,226,0.0
2021-10-13 10:57:00,3249.93,3249.93,3249.93,3249.93,135,0.0
2021-10-13 11:00:00,3252.93,3253.64,3252.93,3253.64,435,0.0
2021-10-13 11:04:00,3257.45,3257.45,3257.45,3257.45,244,0.0
2021-10-13 11:08:00,3255.17,3255.17,3255.17,3255.17,125,0.0
2021-10-13 11:09:00,3255.81,3255.81,3255.81,3255.81,144,0.0
2021-10-13 11:14:00,3253.72,3253.72,3253.72,3253.72,277,0.0
2021-10-13 11:17:00,3255.64,3255.99,3255.64,3255.99,330,0.0
2021-10-13 11:20:00,3253.18,3253.23,3253.18,3253.23,404,0.0
2021-10-13 11:21:00,3253.43,3253.53,3253.43,3253.53,356,0.0
2021-10-13 11:26:00,3252.15,3252.29,3252.15,3252.29,936,0.0
2021-10-13 11:28:00,3252.6,3252.6,3252.6,3252.6,230,0.0
2021-10-13 11:32:00,3251.76,3251.76,3251.76,3251.76,320,0.0
2021-10-13 11:35:00,3246.49,3246.49,3246.49,3246.49,201,0.0
2021-10-13 11:36:00,3246.62,3246.62,3246.62,3246.62,206,0.0
2021-10-13 11:38:00,3247.705,3247.705,3247.705,3247.705,117,0.0
2021-10-13 11:49:00,3247.51,3247.51,3247.51,3247.51,178,0.0
2021-10-13 11:55:00,3247.33,3247.33,3246.5,3246.5,729,0.0
2021-10-13 12:05:00,3246.7,3246.7,3246.7,3246.7,138,0.0
2021-10-13 12:08:00,3247.5,3247.5,3247.5,3247.5,104,0.0
2021-10-13 12:10:00,3247.265,3247.265,3247.265,3247.265,114,0.0
2021-10-13 12:24:00,3247.64,3247.64,3246.64,3246.78,588,0.0
2021-10-13 12:26:00,3249.93,3249.93,3249.93,3249.93,114,0.0
2021-10-13 12:27:00,3251.45,3251.45,3251.45,3251.45,118,0.0
2021-10-13 12:46:00,3256.35,3256.35,3256.35,3256.35,144,0.0
2021-10-13 12:47:00,3255.635,3255.73,3255.635,3255.73,480,0.0
2021-10-13 12:49:00,3255.16,3255.16,3255.16,3255.16,122,0.0
2021-10-13 12:59:00,3254.86,3254.86,3254.86,3254.86,107,0.0
2021-10-13 13:03:00,3254.37,3254.37,3254.36,3254.36,210,0.0
2021-10-13 13:04:00,3255.96,3255.96,3255.96,3255.96,445,0.0
2021-10-13 13:06:00,3254.735,3254.735,3254.735,3254.735,323,0.0
2021-10-13 13:07:00,3253.16,3254.02,3253.16,3254.02,400,0.0
2021-10-13 13:08:00,3253.91,3253.91,3253.91,3253.91,127,0.0
2021-10-13 13:09:00,3252.34,3252.36,3252.34,3252.36,277,0.0
2021-10-13 13:10:00,3252.99,3253.04,3252.99,3253.04,456,0.0
2021-10-13 13:14:00,3254.4,3254.4,3254.4,3254.4,121,0.0
2021-10-13 13:15:00,3256.63,3256.63,3255.9,3255.9,343,0.0
2021-10-13 13:17:00,3255.5,3256.22,3255.5,3256.22,917,0.0
2021-10-13 13:18:00,3256.67,3258.85,3256.67,3258.85,1462,0.0
2021-10-13 13:19:00,3259.97,3259.97,3259.05,3259.05,402,0.0
2021-10-13 13:20:00,3258.77,3258.77,3258.77,3258.77,265,0.0
2021-10-13 13:25:00,3259.665,3259.75,3259.665,3259.75,264,0.0
2021-10-13 13:26:00,3258.72,3258.96,3258.66,3258.96,543,0.0
2021-10-13 13:28:00,3259.35,3259.35,3259.34,3259.34,209,0.0
2021-10-13 13:30:00,3258.905,3258.905,3258.905,3258.905,411,0.0
2021-10-13 13:31:00,3257.65,3257.65,3257.515,3257.515,205,0.0
2021-10-13 13:33:00,3256,3256,3256,3256,113,0.0
2021-10-13 13:34:00,3256.41,3256.41,3256.41,3256.41,253,0.0
2021-10-13 13:36:00,3256.99,3256.99,3256.99,3256.99,319,0.0
2021-10-13 13:38:00,3253.64,3253.64,3253.64,3253.64,167,0.0
2021-10-13 13:42:00,3255.9,3255.9,3255.9,3255.9,178,0.0
2021-10-13 13:46:00,3255.61,3255.61,3255.61,3255.61,636,0.0
2021-10-13 13:47:00,3255.835,3255.835,3255.835,3255.835,172,0.0
2021-10-13 13:55:00,3260.69,3260.69,3260.69,3260.69,115,0.0
2021-10-13 13:56:00,3259.56,3259.56,3259.56,3259.56,110,0.0
2021-10-13 13:58:00,3256.17,3256.17,3256.17,3256.17,115,0.0
2021-10-13 14:03:00,3252,3252,3252,3252,134,0.0
2021-10-13 14:11:00,3252,3252.145,3252,3252.145,385,0.0
2021-10-13 14:12:00,3252.04,3252.04,3251.6,3251.6,338,0.0
2021-10-13 14:13:00,3250.9,3250.9,3250.5,3250.5,845,0.0
2021-10-13 14:14:00,3250.5,3250.83,3250.5,3250.83,445,0.0
2021-10-13 14:15:00,3252.15,3252.15,3252.02,3252.02,402,0.0
2021-10-13 14:18:00,3248.255,3248.255,3248.07,3248.23,334,0.0
2021-10-13 14:23:00,3252.23,3252.34,3252.1,3252.1,406,0.0
2021-10-13 14:24:00,3252,3252.165,3252,3252.165,240,0.0
2021-10-13 14:28:00,3252.085,3252.085,3252.085,3252.085,147,0.0
2021-10-13 14:30:00,3250.19,3250.21,3250.19,3250.21,427,0.0
2021-10-13 14:31:00,3250.01,3250.01,3250.01,3250.01,142,0.0
2021-10-13 14:34:00,3252.37,3252.37,3252.37,3252.37,100,0.0
2021-10-13 14:36:00,3252.12,3253.87,3252.12,3253.87,396,0.0
2021-10-13 14:38:00,3252.8,3252.8,3252.8,3252.8,164,0.0
2021-10-13 14:39:00,3252.11,3252.17,3250.71,3250.71,594,0.0
2021-10-13 14:42:00,3247.09,3247.09,3246.47,3246.47,306,0.0
2021-10-13 14:47:00,3244.77,3244.77,3244.26,3244.26,376,0.0
2021-10-13 14:48:00,3242.845,3242.845,3242.845,3242.845,313,0.0
2021-10-13 14:50:00,3244.06,3244.06,3244.06,3244.06,475,0.0
2021-10-13 14:51:00,3245,3245,3245,3245,619,0.0
2021-10-13 14:53:00,3246.44,3246.44,3246.44,3246.44,345,0.0
2021-10-13 14:54:00,3244.655,3244.655,3244.35,3244.35,1417,0.0
2021-10-13 14:55:00,3243.72,3246.365,3243.72,3246.365,532,0.0
2021-10-13 14:56:00,3247.39,3249.78,3247.39,3249.74,1219,0.0
2021-10-13 14:57:00,3251.38,3252.26,3249.81,3249.81,1419,0.0
2021-10-13 14:58:00,3249.99,3249.99,3249.99,3249.99,674,0.0
2021-10-13 14:59:00,3251.5,3252.52,3247.41,3247.41,1826,0.0
2021-10-14 08:30:00,3269.64,3269.64,3267.55,3267.55,486,0.0
2021-10-14 08:31:00,3268.03,3269.99,3268.03,3269.99,328,0.0
2021-10-14 08:33:00,3265.38,3265.38,3265.38,3265.38,311,0.0
2021-10-14 08:34:00,3264.5,3266.25,3264.5,3266.25,1308,0.0
2021-10-14 08:35:00,3272.8,3272.8,3272.8,3272.8,697,0.0
2021-10-14 08:36:00,3274.85,3277.12,3274.85,3277.12,713,0.0
2021-10-14 08:38:00,3276.14,3276.14,3273.42,3273.42,443,0.0
2021-10-14 08:39:00,3274.995,3276.91,3274.995,3276.91,683,0.0
2021-10-14 08:40:00,3277.99,3277.99,3275.93,3275.93,771,0.0
2021-10-14 08:41:00,3275.62,3275.62,3275.62,3275.62,405,0.0
2021-10-14 08:42:00,3273.11,3273.11,3273.07,3273.07,242,0.0
2021-10-14 08:43:00,3272.88,3272.88,3271.96,3271.96,312,0.0
2021-10-14 08:44:00,3277.295,3277.295,3277.295,3277.295,321,0.0
2021-10-14 08:48:00,3271.35,3271.35,3271.35,3271.35,324,0.0
2021-10-14 08:51:00,3270.96,3271.65,3270.96,3271.65,404,0.0
2021-10-14 08:52:00,3271.15,3271.15,3271.15,3271.15,212,0.0
2021-10-14 08:53:00,3273.15,3273.15,3273.15,3273.15,245,0.0
2021-10-14 08:58:00,3273.475,3273.475,3273.475,3273.475,215,0.0
2021-10-14 08:59:00,3272.61,3272.61,3270.63,3270.63,396,0.0
2021-10-14 09:00:00,3272.64,3272.64,3272.64,3272.64,274,0.0
2021-10-14 09:09:00,3272.52,3272.52,3272.52,3272.52,142,0.0
2021-10-14 09:12:00,3265.12,3265.69,3264.87,3264.87,783,0.0
2021-10-14 09:18:00,3266.83,3266.83,3266.83,3266.83,163,0.0
2021-10-14 09:19:00,3266.95,3266.95,3266.95,3266.95,370,0.0
2021-10-14 09:21:00,3266.57,3266.57,3265.975,3265.975,568,0.0
2021-10-14 09:26:00,3270.585,3270.585,3270.585,3270.585,213,0.0
2021-10-14 09:28:00,3266.56,3266.56,3266.56,3266.56,273,0.0
2021-10-14 09:40:00,3276.21,3276.21,3276.21,3276.21,272,0.0
2021-10-14 09:42:00,3275.92,3275.92,3275.92,3275.92,190,0.0
2021-10-14 09:48:00,3275.82,3275.82,3275.82,3275.82,138,0.0
2021-10-14 09:53:00,3276.52,3276.52,3276.52,3276.52,128,0.0
2021-10-14 10:01:00,3276.01,3276.01,3276.01,3276.01,301,0.0
2021-10-14 10:10:00,3273.88,3273.91,3272.81,3272.81,476,0.0
2021-10-14 10:15:00,3275.4,3275.4,3275.4,3275.4,227,0.0
2021-10-14 10:22:00,3271.265,3271.265,3271.265,3271.265,126,0.0
2021-10-14 10:31:00,3268.24,3268.24,3268.24,3268.24,135,0.0
2021-10-14 10:33:00,3266.3,3266.3,3266.25,3266.25,281,0.0
2021-10-14 10:34:00,3265.05,3265.05,3265.05,3265.05,165,0.0
2021-10-14 10:36:00,3262.33,3262.33,3262.33,3262.33,338,0.0
2021-10-14 10:37:00,3261.51,3261.51,3261.51,3261.51,220,0.0
2021-10-14 10:38:00,3263.52,3263.52,3263.52,3263.52,492,0.0
2021-10-14 10:44:00,3268.18,3268.18,3268.18,3268.18,160,0.0
2021-10-14 10:45:00,3267.29,3267.29,3267.29,3267.29,324,0.0
2021-10-14 10:46:00,3271.31,3271.31,3271.31,3271.31,151,0.0
2021-10-14 10:49:00,3274.68,3274.68,3273.67,3273.67,315,0.0
2021-10-14 10:50:00,3273.28,3273.6,3273.28,3273.6,606,0.0
2021-10-14 10:51:00,3270.55,3270.96,3270.55,3270.96,466,0.0
2021-10-14 11:03:00,3272.3,3272.3,3272.3,3272.3,267,0.0
2021-10-14 11:15:00,3273.14,3273.14,3273.14,3273.14,135,0.0
2021-10-14 11:21:00,3270.57,3270.57,3270.57,3270.57,117,0.0
2021-10-14 11:22:00,3270.455,3270.455,3270.455,3270.455,193,0.0
2021-10-14 11:23:00,3272.27,3272.27,3272.27,3272.27,162,0.0
2021-10-14 11:28:00,3273.96,3273.96,3273.85,3273.85,374,0.0
2021-10-14 11:34:00,3272.01,3272.01,3272.01,3272.01,236,0.0
2021-10-14 11:39:00,3273.38,3273.38,3273.38,3273.38,401,0.0
2021-10-14 11:47:00,3271.81,3271.81,3271.81,3271.81,102,0.0
2021-10-14 11:57:00,3268.33,3268.33,3268.33,3268.33,105,0.0
2021-10-14 12:02:00,3272.36,3273.03,3271.94,3271.94,409,0.0
2021-10-14 12:10:00,3274.58,3274.58,3274.58,3274.58,202,0.0
2021-10-14 12:12:00,3273.91,3273.91,3273.91,3273.91,151,0.0
2021-10-14 12:16:00,3273.79,3273.79,3273.79,3273.79,219,0.0
2021-10-14 12:17:00,3273.085,3273.085,3273.085,3273.085,213,0.0
2021-10-14 12:19:00,3273.16,3273.16,3273.16,3273.16,101,0.0
2021-10-14 12:20:00,3272.39,3272.39,3272.39,3272.39,211,0.0
2021-10-14 12:21:00,3272.33,3272.33,3272.33,3272.33,119,0.0
2021-10-14 12:26:00,3274.365,3274.64,3274.365,3274.47,608,0.0
2021-10-14 12:27:00,3274.6,3274.6,3274.6,3274.6,435,0.0
2021-10-14 12:30:00,3275.68,3275.98,3275.68,3275.98,1033,0.0
2021-10-14 12:31:00,3276.755,3276.755,3275.95,3276.655,1103,0.0
2021-10-14 12:32:00,3276.57,3277.24,3276.04,3276.65,1062,0.0
2021-10-14 12:33:00,3277.4,3277.4,3277.25,3277.25,637,0.0
2021-10-14 12:36:00,3277.64,3277.82,3277.64,3277.82,549,0.0
2021-10-14 12:37:00,3278.15,3278.99,3278.15,3278.66,648,0.0
2021-10-14 12:38:00,3278.68,3278.68,3278.52,3278.52,643,0.0
2021-10-14 12:39:00,3279.07,3280.67,3279.07,3280.67,577,0.0
2021-10-14 12:51:00,3278.59,3278.61,3278.59,3278.61,237,0.0
2021-10-14 12:56:00,3279.35,3279.4,3279.35,3279.4,200,0.0
2021-10-14 13:01:00,3285,3286.05,3285,3285.4,785,0.0
2021-10-14 13:02:00,3283.58,3283.88,3282.52,3283.88,462,0.0
2021-10-14 13:03:00,3286.48,3286.48,3283.6,3283.6,674,0.0
2021-10-14 13:04:00,3278.36,3278.36,3278.34,3278.34,443,0.0
2021-10-14 13:08:00,3278.31,3278.31,3278.31,3278.31,222,0.0
2021-10-14 13:11:00,3282.52,3282.53,3282.52,3282.53,296,0.0
2021-10-14 13:12:00,3282.84,3282.84,3282.84,3282.84,154,0.0
2021-10-14 13:18:00,3284.57,3284.57,3284.57,3284.57,135,0.0
2021-10-14 13:19:00,3286.2,3286.2,3286.2,3286.2,104,0.0
2021-10-14 13:23:00,3286.91,3286.99,3286.91,3286.99,670,0.0
2021-10-14 13:25:00,3285.79,3285.85,3285.79,3285.85,406,0.0
2021-10-14 13:27:00,3282.06,3282.92,3282.06,3282.92,249,0.0
2021-10-14 13:28:00,3283.14,3283.14,3283.14,3283.14,143,0.0
2021-10-14 13:33:00,3283.4,3283.55,3281.97,3281.97,701,0.0
2021-10-14 13:34:00,3282.82,3282.82,3282.82,3282.82,415,0.0
2021-10-14 13:50:00,3279.17,3279.17,3279.17,3279.17,108,0.0
2021-10-14 13:51:00,3280.81,3280.81,3280.81,3280.81,150,0.0
2021-10-14 13:55:00,3278.52,3278.52,3278.46,3278.46,213,0.0
2021-10-14 13:59:00,3279.33,3279.33,3279.33,3279.33,114,0.0
2021-10-14 14:00:00,3280.035,3280.035,3280.035,3280.035,236,0.0
2021-10-14 14:01:00,3280.86,3280.86,3280.86,3280.86,124,0.0
2021-10-14 14:06:00,3280.19,3280.19,3279.64,3279.64,452,0.0
2021-10-14 14:08:00,3281.4,3282.66,3281.4,3282.66,204,0.0
2021-10-14 14:09:00,3284.31,3284.96,3284.03,3284.96,596,0.0
2021-10-14 14:10:00,3283.8,3283.8,3283.8,3283.8,219,0.0
2021-10-14 14:11:00,3282.79,3283.35,3282.79,3283.35,909,0.0
2021-10-14 14:14:00,3283.92,3283.92,3283.92,3283.92,110,0.0
2021-10-14 14:18:00,3284.28,3284.28,3284.28,3284.28,113,0.0
2021-10-14 14:25:00,3282.45,3282.45,3282.45,3282.45,300,0.0
2021-10-14 14:29:00,3281.66,3281.66,3281.66,3281.66,171,0.0
2021-10-14 14:30:00,3282.31,3282.31,3282.31,3282.31,325,0.0
2021-10-14 14:33:00,3284.38,3284.38,3284.38,3284.38,202,0.0
2021-10-14 14:36:00,3282.83,3283.1,3282.83,3283.1,385,0.0
2021-10-14 14:45:00,3282.12,3283.505,3281.61,3283.455,1268,0.0
2021-10-14 14:47:00,3285.08,3285.69,3284.89,3285.69,449,0.0
2021-10-14 14:48:00,3285.6,3286.08,3285.6,3286.08,489,0.0
2021-10-14 14:49:00,3286.02,3286.02,3286.02,3286.02,275,0.0
2021-10-14 14:50:00,3285.14,3287,3285.02,3285.61,2011,0.0
2021-10-14 14:51:00,3285.19,3286.16,3284.85,3285.83,3208,0.0
2021-10-14 14:52:00,3285.08,3285.08,3285.08,3285.08,538,0.0
2021-10-14 14:53:00,3286.24,3286.24,3286.19,3286.19,1101,0.0
2021-10-14 14:54:00,3285.38,3285.38,3283.22,3283.22,668,0.0
2021-10-14 14:55:00,3282.51,3282.51,3282.51,3282.51,1217,0.0
2021-10-14 14:56:00,3283.74,3285.045,3283.74,3284.99,1132,0.0
2021-10-14 14:57:00,3283.97,3283.97,3282.46,3282.46,684,0.0
2021-10-14 14:59:00,3283.75,3284.495,3283.75,3284.455,2105,0.0
2021-10-14 15:14:00,3284.57,3284.57,3284.57,3284.57,100,0.0
2021-10-15 08:30:00,3301.83,3302.445,3297.535,3298.84,3254,0.0
2021-10-15 08:31:00,3298.37,3299.51,3298.37,3299.51,1062,0.0
2021-10-15 08:32:00,3298.85,3301.47,3298.47,3301.47,923,0.0
2021-10-15 08:33:00,3295.86,3295.92,3295.86,3295.92,916,0.0
2021-10-15 08:34:00,3292.99,3292.99,3291.345,3292.665,1656,0.0
2021-10-15 08:35:00,3296.415,3300.025,3296.415,3300.025,2651,0.0
2021-10-15 08:38:00,3301.91,3301.91,3301.91,3301.91,456,0.0
2021-10-15 08:39:00,3304.95,3304.95,3303.6,3303.6,380,0.0
2021-10-15 08:40:00,3305.5,3305.5,3305.5,3305.5,406,0.0
2021-10-15 08:43:00,3306.8,3307.01,3305.54,3305.73,818,0.0
2021-10-15 08:45:00,3303.82,3303.83,3303.77,3303.83,742,0.0
2021-10-15 08:46:00,3304.405,3304.405,3304.405,3304.405,421,0.0
2021-10-15 08:50:00,3307.43,3308.6,3307.43,3307.6,642,0.0
2021-10-15 08:52:00,3306.25,3306.86,3306.25,3306.86,365,0.0
2021-10-15 08:53:00,3307.22,3307.22,3307.22,3307.22,217,0.0
2021-10-15 08:54:00,3307.91,3307.91,3307.91,3307.91,137,0.0
2021-10-15 08:56:00,3306.38,3306.38,3306.38,3306.38,175,0.0
2021-10-15 08:57:00,3305.54,3305.54,3305.51,3305.51,389,0.0
2021-10-15 08:58:00,3305.13,3305.13,3305.13,3305.13,347,0.0
2021-10-15 09:01:00,3309.48,3310.15,3309.18,3310.15,861,0.0
2021-10-15 09:02:00,3309.75,3309.75,3309.195,3309.195,294,0.0
2021-10-15 09:03:00,3309.55,3311.005,3309.55,3311.005,299,0.0
2021-10-15 09:04:00,3310.99,3312.44,3310.99,3311.47,850,0.0
2021-10-15 09:05:00,3311.29,3311.69,3311.29,3311.69,437,0.0
2021-10-15 09:06:00,3311.29,3311.29,3311.29,3311.29,265,0.0
2021-10-15 09:08:00,3309.77,3309.77,3309.77,3309.77,319,0.0
2021-10-15 09:10:00,3310.89,3310.89,3310.89,3310.89,355,0.0
2021-10-15 09:13:00,3310.67,3310.67,3310.67,3310.67,459,0.0
2021-10-15 09:14:00,3310.84,3310.84,3309.9,3309.9,348,0.0
2021-10-15 09:20:00,3307.68,3307.68,3307.68,3307.68,235,0.0
2021-10-15 09:21:00,3306.33,3306.33,3305,3305,784,0.0
2021-10-15 09:25:00,3304.795,3304.795,3304.795,3304.795,224,0.0
2021-10-15 09:27:00,3302.76,3302.76,3302.76,3302.76,180,0.0
2021-10-15 09:28:00,3301.37,3301.37,3300,3300.04,681,0.0
2021-10-15 09:31:00,3304.81,3304.81,3304.81,3304.81,103,0.0
2021-10-15 09:33:00,3305.56,3305.56,3305.56,3305.56,119,0.0
2021-10-15 09:34:00,3304.42,3304.42,3304.42,3304.42,171,0.0
2021-10-15 09:37:00,3305.105,3305.105,3305.105,3305.105,124,0.0
2021-10-15 09:46:00,3307.1,3307.1,3307.01,3307.01,386,0.0
2021-10-15 09:47:00,3307.37,3307.37,3307.12,3307.12,569,0.0
2021-10-15 09:49:00,3306.785,3306.945,3306.69,3306.69,2012,0.0
2021-10-15 09:54:00,3306.07,3306.28,3306.07,3306.26,374,0.0
2021-10-15 09:56:00,3305.93,3305.93,3305.93,3305.93,254,0.0
2021-10-15 09:58:00,3304.55,3304.55,3304.55,3304.55,333,0.0
2021-10-15 10:02:00,3303.575,3303.575,3303.575,3303.575,203,0.0
2021-10-15 10:07:00,3305.51,3305.54,3305.51,3305.54,253,0.0
2021-10-15 10:10:00,3303.8,3303.8,3302.23,3302.23,422,0.0
2021-10-15 10:11:00,3302,3302.23,3302,3302.23,504,0.0
2021-10-15 10:15:00,3304.29,3304.29,3304.29,3304.29,210,0.0
2021-10-15 10:16:00,3305.36,3305.36,3305.36,3305.36,120,0.0
2021-10-15 10:18:00,3304.725,3304.725,3304.725,3304.725,210,0.0
2021-10-15 10:20:00,3305.74,3305.81,3305.74,3305.81,275,0.0
2021-10-15 10:23:00,3305.77,3305.77,3305.77,3305.77,132,0.0
2021-10-15 10:24:00,3305,3305,3305,3305,363,0.0
2021-10-15 10:25:00,3305.41,3305.41,3305.41,3305.41,145,0.0
2021-10-15 10:30:00,3308.21,3308.21,3306.06,3306.06,1021,0.0
2021-10-15 10:33:00,3304.5,3304.6,3304.5,3304.6,269,0.0
2021-10-15 10:36:00,3304.18,3304.18,3304.18,3304.18,493,0.0
2021-10-15 10:38:00,3305.39,3305.39,3305.39,3305.39,107,0.0
2021-10-15 10:40:00,3306.77,3306.77,3306.77,3306.77,233,0.0
2021-10-15 10:45:00,3307.19,3307.19,3307.19,3307.19,143,0.0
2021-10-15 10:49:00,3306.36,3306.36,3306.36,3306.36,127,0.0
2021-10-15 11:03:00,3306.41,3306.41,3306.41,3306.41,113,0.0
2021-10-15 11:11:00,3306.83,3307.01,3306.83,3307.01,542,0.0
2021-10-15 11:21:00,3307.145,3307.235,3306.86,3306.86,865,0.0
2021-10-15 11:33:00,3306.72,3306.72,3306.72,3306.72,195,0.0
2021-10-15 11:39:00,3308.675,3308.99,3308.675,3308.99,389,0.0
2021-10-15 11:40:00,3308.765,3308.765,3308.765,3308.765,257,0.0
2021-10-15 11:45:00,3309.8,3309.8,3309.8,3309.8,202,0.0
2021-10-15 11:46:00,3310.515,3310.515,3310.515,3310.515,113,0.0
2021-10-15 11:47:00,3310.51,3311.09,3310.51,3311.09,204,0.0
2021-10-15 11:49:00,3308.06,3309.48,3307.89,3309.48,610,0.0
2021-10-15 11:51:00,3308.27,3308.27,3308.15,3308.15,442,0.0
2021-10-15 11:52:00,3308.61,3308.61,3308.61,3308.61,248,0.0
2021-10-15 12:04:00,3308,3308,3307.99,3307.99,341,0.0
2021-10-15 12:14:00,3307.85,3307.85,3307.85,3307.85,133,0.0
2021-10-15 12:16:00,3306.215,3306.39,3306.215,3306.39,298,0.0
2021-10-15 12:19:00,3305.33,3305.33,3305.33,3305.33,101,0.0
2021-10-15 12:23:00,3303.7,3304,3303.7,3304,335,0.0
2021-10-15 12:35:00,3304.28,3304.28,3304.28,3304.28,101,0.0
2021-10-15 12:37:00,3303.6,3303.6,3303.6,3303.6,100,0.0
2021-10-15 12:48:00,3303.78,3304.94,3303.78,3304.94,821,0.0
2021-10-15 12:52:00,3304.93,3304.93,3304.93,3304.93,397,0.0
2021-10-15 12:55:00,3306.38,3306.38,3306.38,3306.38,344,0.0
2021-10-15 13:07:00,3303.97,3303.97,3303.97,3303.97,216,0.0
2021-10-15 13:23:00,3304.83,3304.83,3304.83,3304.83,120,0.0
2021-10-15 13:24:00,3304.775,3304.775,3304.775,3304.775,250,0.0
2021-10-15 13:27:00,3304.49,3304.49,3304.49,3304.49,277,0.0
2021-10-15 13:28:00,3304.58,3304.58,3304.58,3304.58,101,0.0
2021-10-15 13:29:00,3304.49,3304.49,3304.49,3304.49,156,0.0
2021-10-15 13:33:00,3302.38,3302.38,3302.38,3302.38,204,0.0
2021-10-15 13:37:00,3302.89,3302.89,3302.79,3302.79,239,0.0
2021-10-15 13:39:00,3303.3,3303.33,3303.28,3303.32,407,0.0
2021-10-15 13:40:00,3303.02,3303.02,3303.02,3303.02,230,0.0
2021-10-15 13:42:00,3301.37,3301.37,3301.37,3301.37,279,0.0
2021-10-15 13:47:00,3300,3300,3300,3300,371,0.0
2021-10-15 13:49:00,3299.37,3299.37,3299.37,3299.37,110,0.0
2021-10-15 13:50:00,3299.07,3299.07,3299.07,3299.07,123,0.0
2021-10-15 13:54:00,3298.76,3298.76,3298.74,3298.74,307,0.0
2021-10-15 13:55:00,3299.15,3299.15,3299.15,3299.15,113,0.0
2021-10-15 13:56:00,3300.49,3300.49,3300.49,3300.49,178,0.0
2021-10-15 14:05:00,3297.07,3297.07,3297.07,3297.07,403,0.0
2021-10-15 14:06:00,3298.11,3298.11,3297.68,3297.68,222,0.0
2021-10-15 14:11:00,3296.3,3296.3,3296.3,3296.3,242,0.0
2021-10-15 14:12:00,3296.94,3296.94,3296.94,3296.94,217,0.0
2021-10-15 14:22:00,3300.31,3300.31,3300.31,3300.31,103,0.0
2021-10-15 14:23:00,3300.8,3300.8,3300.8,3300.8,104,0.0
2021-10-15 14:24:00,3299.34,3299.34,3299.34,3299.34,100,0.0
2021-10-15 14:25:00,3300.23,3300.26,3300.23,3300.26,213,0.0
2021-10-15 14:26:00,3301.26,3301.26,3301.26,3301.26,100,0.0
2021-10-15 14:27:00,3301.3,3301.3,3301.3,3301.3,103,0.0
2021-10-15 14:30:00,3299.715,3299.715,3299.715,3299.715,276,0.0
2021-10-15 14:38:00,3296.7,3298.04,3296.7,3298.04,350,0.0
2021-10-15 14:40:00,3296.53,3296.53,3295.96,3296,554,0.0
2021-10-15 14:42:00,3297.16,3297.16,3297.16,3297.16,203,0.0
2021-10-15 14:48:00,3298.88,3298.88,3298.22,3298.22,361,0.0
2021-10-15 14:49:00,3299.3,3299.3,3299.3,3299.3,272,0.0
2021-10-15 14:50:00,3298.81,3298.81,3298.45,3298.6,1530,0.0
2021-10-15 14:51:00,3299.475,3299.475,3299.475,3299.475,240,0.0
2021-10-15 14:52:00,3303.34,3303.34,3303.34,3303.34,333,0.0
2021-10-15 14:53:00,3303.35,3303.35,3301.3,3301.3,422,0.0
2021-10-15 14:54:00,3300.415,3300.415,3300.415,3300.415,431,0.0
2021-10-15 14:55:00,3300.79,3300.79,3297.68,3297.68,1025,0.0
2021-10-15 14:56:00,3297.23,3297.23,3296.33,3296.33,708,0.0
2021-10-15 14:57:00,3296.38,3297.47,3296.38,3296.67,1249,0.0
2021-10-15 14:58:00,3296.905,3297.41,3296.57,3297.41,1178,0.0
2021-10-15 14:59:00,3297.82,3299.59,3297.82,3299.39,1499,0.0
2021-10-16 08:30:00,3306.88,3306.88,3304.8,3305.11,1344,0.0
2021-10-16 08:31:00,3308.4,3308.4,3308.4,3308.4,194,0.0
2021-10-16 08:34:00,3304.53,3307.15,3304.53,3307.15,446,0.0
2021-10-16 08:35:00,3306.72,3307.86,3306.72,3307.86,385,0.0
2021-10-16 08:36:00,3306.92,3306.92,3306.92,3306.92,344,0.0
2021-10-16 08:38:00,3309.05,3309.83,3308.64,3308.64,1368,0.0
2021-10-16 08:39:00,3309.665,3309.665,3308.95,3308.95,599,0.0
2021-10-16 08:43:00,3306.66,3306.86,3306.66,3306.86,246,0.0
2021-10-16 08:49:00,3307.7,3307.7,3307.7,3307.7,676,0.0
2021-10-16 08:50:00,3309.14,3310.7,3309.14,3309.55,756,0.0
2021-10-16 08:56:00,3309.585,3309.585,3309.585,3309.585,279,0.0
2021-10-16 08:57:00,3310.3,3310.3,3309.94,3310.135,900,0.0
2021-10-16 08:58:00,3309.605,3309.605,3309.57,3309.57,881,0.0
2021-10-16 08:59:00,3309.395,3309.395,3309.395,3309.395,161,0.0
2021-10-16 09:00:00,3309.74,3310.12,3309.64,3310.12,1053,0.0
2021-10-16 09:04:00,3308.93,3308.93,3308.93,3308.93,312,0.0
2021-10-16 09:05:00,3308.22,3308.22,3308.21,3308.21,532,0.0
2021-10-16 09:06:00,3309.12,3309.12,3309.12,3309.12,100,0.0
2021-10-16 09:07:00,3310.07,3310.07,3310.055,3310.055,789,0.0
2021-10-16 09:08:00,3310.04,3310.95,3310.04,3310.95,1802,0.0
2021-10-16 09:09:00,3310.345,3310.345,3310.345,3310.345,211,0.0
2021-10-16 09:10:00,3309.78,3310.29,3309.78,3310.29,499,0.0
2021-10-16 09:12:00,3309.34,3309.34,3309.14,3309.14,378,0.0
2021-10-16 09:14:00,3310.05,3310.05,3309.16,3309.16,411,0.0
2021-10-16 09:17:00,3307.98,3307.98,3307.98,3307.98,186,0.0
2021-10-16 09:21:00,3309.36,3310.66,3309.36,3310.66,320,0.0
2021-10-16 09:22:00,3310.81,3311.08,3310.81,3311.08,201,0.0
2021-10-16 09:23:00,3311.99,3312.57,3311.99,3312.57,464,0.0
2021-10-16 09:24:00,3315.33,3316.44,3315.33,3316.44,803,0.0
2021-10-16 09:25:00,3316.1,3316.69,3316.1,3316.69,641,0.0
2021-10-16 09:27:00,3316.99,3322.27,3316.99,3322.27,1512,0.0
2021-10-16 09:28:00,3322.09,3322.09,3322.09,3322.09,285,0.0
2021-10-16 09:29:00,3317.83,3318.18,3317.29,3318.18,907,0.0
2021-10-16 09:31:00,3323.67,3323.67,3323.1,3323.1,291,0.0
2021-10-16 09:32:00,3326.125,3326.125,3326.125,3326.125,340,0.0
2021-10-16 09:33:00,3326.19,3328.255,3326.19,3328.04,627,0.0
2021-10-16 09:34:00,3330,3331.89,3330,3331.89,621,0.0
2021-10-16 09:35:00,3335.86,3338.52,3335.86,3338.52,1191,0.0
2021-10-16 09:36:00,3338.185,3338.185,3334.75,3336.33,1794,0.0
2021-10-16 09:37:00,3335.54,3336.61,3335.06,3336.61,886,0.0
2021-10-16 09:38:00,3336.96,3336.96,3336.96,3336.96,827,0.0
2021-10-16 09:39:00,3342.365,3342.365,3342.365,3342.365,452,0.0
2021-10-16 09:41:00,3339.68,3341.29,3339.68,3341.29,557,0.0
2021-10-16 09:44:00,3343.47,3343.585,3343.4,3343.585,425,0.0
2021-10-16 09:45:00,3343.87,3346.62,3343.87,3346.62,1129,0.0
2021-10-16 09:46:00,3346.92,3348.03,3346.3,3348.03,1201,0.0
2021-10-16 09:47:00,3348.91,3348.91,3348.91,3348.91,572,0.0
2021-10-16 09:48:00,3348.06,3348.06,3348.06,3348.06,785,0.0
2021-10-16 09:50:00,3347.79,3347.79,3347.79,3347.79,226,0.0
2021-10-16 09:51:00,3346.4,3346.4,3346.4,3346.4,130,0.0
2021-10-16 09:52:00,3350.6,3352.67,3350.6,3352.67,926,0.0
2021-10-16 09:53:00,3354.22,3355.845,3354.22,3355.845,794,0.0
2021-10-16 09:54:00,3355.94,3355.94,3355.5,3355.5,250,0.0
2021-10-16 09:55:00,3356.185,3359.87,3356.185,3359.02,1364,0.0
2021-10-16 09:57:00,3364.5,3366.19,3364.49,3366.09,872,0.0
2021-10-16 09:58:00,3365.94,3366.77,3365.94,3366.54,524,0.0
2021-10-16 09:59:00,3367.49,3369.295,3367.49,3369.245,1110,0.0
2021-10-16 10:00:00,3370.77,3373.98,3370.77,3373.98,741,0.0
2021-10-16 10:01:00,3371.66,3371.66,3371.66,3371.66,205,0.0
2021-10-16 10:02:00,3372.06,3372.06,3371.515,3371.515,543,0.0
2021-10-16 10:03:00,3372.45,3372.45,3372.45,3372.45,456,0.0
2021-10-16 10:04:00,3370.375,3370.595,3368.16,3368.49,1718,0.0
2021-10-16 10:05:00,3368.38,3370.575,3368.38,3370.575,1223,0.0
2021-10-16 10:06:00,3371.535,3371.535,3371.535,3371.535,408,0.0
2021-10-16 10:07:00,3378.66,3383.47,3378.66,3383.47,1235,0.0
2021-10-16 10:08:00,3382.81,3383,3382.335,3382.335,984,0.0
2021-10-16 10:10:00,3384.97,3385.35,3384.97,3385.35,735,0.0
2021-10-16 10:11:00,3383.375,3384.31,3383.375,3384.29,1715,0.0
2021-10-16 10:12:00,3386.38,3388.73,3386.38,3388.73,856,0.0
2021-10-16 10:13:00,3389.355,3391.79,3389.355,3391.79,739,0.0
2021-10-16 10:14:00,3392.08,3392.08,3392.08,3392.08,836,0.0
2021-10-16 10:15:00,3391.21,3391.21,3385.75,3385.75,1082,0.0
2021-10-16 10:16:00,3385.5,3386.17,3384.44,3384.44,2297,0.0
2021-10-16 10:17:00,3384.66,3384.66,3380.36,3380.36,1383,0.0
2021-10-16 10:20:00,3386.05,3386.05,3386.05,3386.05,283,0.0
2021-10-16 10:22:00,3382.73,3382.73,3382.73,3382.73,149,0.0
2021-10-16 10:23:00,3382.6,3382.6,3382.565,3382.565,279,0.0
2021-10-16 10:24:00,3381.22,3381.22,3380.87,3380.87,367,0.0
2021-10-16 10:26:00,3383.605,3383.605,3383.605,3383.605,211,0.0
2021-10-16 10:27:00,3379.87,3379.87,3379.87,3379.87,453,0.0
2021-10-16 10:29:00,3378,3378,3377.8,3377.96,872,0.0
2021-10-16 10:30:00,3377.8,3378,3377.39,3377.39,718,0.0
2021-10-16 10:33:00,3373,3373,3373,3373,419,0.0
2021-10-16 10:34:00,3373.505,3376.835,3373.17,3376.62,1551,0.0
2021-10-16 10:38:00,3374.5,3374.93,3374.5,3374.93,790,0.0
2021-10-16 10:39:00,3373.5,3373.5,3373.5,3373.5,138,0.0
2021-10-16 10:41:00,3373.29,3373.29,3373.29,3373.29,292,0.0
2021-10-16 10:44:00,3374,3374,3373.1,3373.1,1071,0.0
2021-10-16 10:45:00,3374.01,3375.33,3374.01,3375.08,718,0.0
2021-10-16 10:47:00,3373.5,3374.03,3373.39,3374.03,817,0.0
2021-10-16 10:49:00,3374.145,3374.145,3373.57,3373.87,669,0.0
2021-10-16 10:50:00,3373.71,3373.92,3373.71,3373.92,369,0.0
2021-10-16 10:52:00,3374.27,3376.39,3374.27,3376.39,713,0.0
2021-10-16 10:53:00,3380.07,3380.07,3380.07,3380.07,267,0.0
2021-10-16 10:54:00,3380.89,3380.89,3380.89,3380.89,135,0.0
2021-10-16 10:55:00,3379.87,3380.245,3379.87,3380.245,251,0.0
2021-10-16 10:59:00,3377.98,3377.98,3377.98,3377.98,221,0.0
2021-10-16 11:01:00,3379.7,3379.7,3379.7,3379.7,160,0.0
2021-10-16 11:02:00,3379.48,3379.48,3379.16,3379.16,265,0.0
2021-10-16 11:03:00,3379.04,3379.595,3379.04,3379.595,711,0.0
2021-10-16 11:04:00,3378.67,3378.71,3378.03,3378.03,530,0.0
2021-10-16 11:05:00,3378.365,3378.94,3378.365,3378.94,599,0.0
2021-10-16 11:07:00,3377,3377,3377,3377,287,0.0
2021-10-16 11:10:00,3379.8,3379.8,3379.8,3379.8,110,0.0
2021-10-16 11:11:00,3379.77,3379.82,3379.77,3379.82,301,0.0
2021-10-16 11:14:00,3379.38,3379.38,3379.38,3379.38,111,0.0
2021-10-16 11:15:00,3379.425,3379.425,3379.36,3379.36,200,0.0
2021-10-16 11:16:00,3379.5,3379.73,3378.925,3378.925,1013,0.0
2021-10-16 11:17:00,3379.55,3379.55,3379.55,3379.55,168,0.0
2021-10-16 11:18:00,3379.85,3381.94,3379.85,3381.94,906,0.0
2021-10-16 11:19:00,3381.99,3381.99,3381.99,3381.99,270,0.0
2021-10-16 11:20:00,3381.56,3381.56,3381.56,3381.56,326,0.0
2021-10-16 11:22:00,3379.11,3379.11,3379.11,3379.11,271,0.0
2021-10-16 11:25:00,3377.57,3377.63,3376.88,3376.9,717,0.0
2021-10-16 11:27:00,3378.01,3378.24,3378.01,3378.21,718,0.0
2021-10-16 11:28:00,3378.4,3378.4,3378.4,3378.4,322,0.0
2021-10-16 11:31:00,3377.76,3377.76,3377.76,3377.76,236,0.0
2021-10-16 11:32:00,3378.37,3378.37,3378.37,3378.37,333,0.0
2021-10-16 11:34:00,3378.73,3378.73,3378.73,3378.73,444,0.0
2021-10-16 11:37:00,3379.35,3379.35,3379.35,3379.35,170,0.0
2021-10-16 11:38:00,3379.32,3379.38,3379.32,3379.38,542,0.0
2021-10-16 11:40:00,3379.43,3379.43,3379.43,3379.43,275,0.0
2021-10-16 11:51:00,3380.55,3380.55,3380.55,3380.55,206,0.0
2021-10-16 11:53:00,3380.31,3380.31,3380.31,3380.31,297,0.0
2021-10-16 11:54:00,3380.48,3380.48,3380.32,3380.32,763,0.0
2021-10-16 11:56:00,3381.49,3383.19,3381.49,3383.19,728,0.0
2021-10-16 11:57:00,3384.515,3384.515,3384.515,3384.515,276,0.0
2021-10-16 11:59:00,3386.67,3386.69,3386.67,3386.69,711,0.0
2021-10-16 12:01:00,3389.66,3389.66,3389.66,3389.66,374,0.0
2021-10-16 12:02:00,3387.75,3387.75,3386.73,3386.73,742,0.0
2021-10-16 12:03:00,3386.9,3386.9,3386.9,3386.9,148,0.0
2021-10-16 12:04:00,3386.74,3386.74,3386.74,3386.74,202,0.0
2021-10-16 12:09:00,3385.82,3385.82,3385.82,3385.82,233,0.0
2021-10-16 12:10:00,3384.71,3384.71,3384.34,3384.34,549,0.0
2021-10-16 12:14:00,3382.95,3382.95,3382.95,3382.95,194,0.0
2021-10-16 12:15:00,3383.25,3383.25,3383.25,3383.25,213,0.0
2021-10-16 12:19:00,3382.59,3382.63,3382.59,3382.63,355,0.0
2021-10-16 12:20:00,3381.305,3381.305,3381.305,3381.305,286,0.0
2021-10-16 12:24:00,3381.17,3381.17,3381.17,3381.17,151,0.0
2021-10-16 12:25:00,3380.67,3380.67,3380.67,3380.67,134,0.0
2021-10-16 12:36:00,3381.67,3381.7,3381.67,3381.7,254,0.0
2021-10-16 12:37:00,3380.05,3380.05,3379.79,3379.79,297,0.0
2021-10-16 12:39:00,3381.14,3381.14,3381.14,3381.14,200,0.0
2021-10-16 12:40:00,3381.38,3381.38,3381.38,3381.38,222,0.0
2021-10-16 12:43:00,3381.49,3381.49,3381.49,3381.49,222,0.0
2021-10-16 12:44:00,3380.47,3380.47,3380.47,3380.47,150,0.0
2021-10-16 12:46:00,3380.295,3380.295,3380.295,3380.295,234,0.0
2021-10-16 12:47:00,3380.74,3380.74,3380.74,3380.74,101,0.0
2021-10-16 12:50:00,3384,3384,3384,3384,347,0.0
2021-10-16 12:57:00,3385.18,3385.63,3385.18,3385.63,631,0.0
2021-10-16 13:01:00,3386.92,3387.9,3386.92,3387.9,506,0.0
2021-10-16 13:03:00,3390.1,3390.1,3390.04,3390.04,403,0.0
2021-10-16 13:05:00,3388.83,3388.83,3388.83,3388.83,440,0.0
2021-10-16 13:06:00,3390.575,3390.575,3390.575,3390.575,121,0.0
2021-10-16 13:08:00,3391.93,3393.37,3391.89,3393.37,1033,0.0
2021-10-16 13:09:00,3393.63,3394.32,3393.63,3393.84,924,0.0
2021-10-16 13:12:00,3393.23,3393.23,3393.23,3393.23,276,0.0
2021-10-16 13:13:00,3392.5,3392.5,3391.82,3391.94,475,0.0
2021-10-16 13:14:00,3391.68,3392.01,3391.39,3391.39,999,0.0
2021-10-16 13:15:00,3391.37,3391.37,3391.37,3391.37,263,0.0
2021-10-16 13:16:00,3390.6,3390.6,3390.6,3390.6,171,0.0
2021-10-16 13:17:00,3390.96,3390.98,3389.71,3389.74,878,0.0
2021-10-16 13:18:00,3390.06,3390.06,3390.06,3390.06,360,0.0
2021-10-16 13:20:00,3389.92,3389.92,3389.92,3389.92,408,0.0
2021-10-16 13:22:00,3391.89,3392.04,3391.89,3392.04,620,0.0
2021-10-16 13:23:00,3391.35,3391.38,3391.35,3391.38,273,0.0
2021-10-16 13:25:00,3390.37,3390.37,3390.37,3390.37,233,0.0
2021-10-16 13:27:00,3389.66,3389.67,3388.4,3388.4,727,0.0
2021-10-16 13:30:00,3387.47,3387.47,3387.47,3387.47,121,0.0
2021-10-16 13:32:00,3386.75,3386.75,3386.75,3386.75,157,0.0
2021-10-16 13:40:00,3387.84,3387.84,3387.84,3387.84,116,0.0
2021-10-16 13:52:00,3391.89,3391.89,3391.89,3391.89,120,0.0
2021-10-16 13:53:00,3393.52,3393.52,3393.52,3393.52,106,0.0
2021-10-16 13:54:00,3394.13,3394.13,3394.13,3394.13,169,0.0
2021-10-16 14:00:00,3396.15,3396.17,3396.15,3396.17,321,0.0
2021-10-16 14:02:00,3394.54,3394.54,3394.54,3394.54,234,0.0
2021-10-16 14:03:00,3393.265,3393.265,3393.265,3393.265,191,0.0
2021-10-16 14:05:00,3391.87,3391.87,3391.87,3391.87,441,0.0
2021-10-16 14:09:00,3392.65,3392.7,3392.65,3392.7,333,0.0
2021-10-16 14:10:00,3394.6,3394.6,3394.6,3394.6,216,0.0
2021-10-16 14:12:00,3395.19,3395.19,3395.19,3395.19,230,0.0
2021-10-16 14:13:00,3395.81,3395.81,3395.74,3395.74,295,0.0
2021-10-16 14:14:00,3396.95,3396.95,3396.95,3396.95,533,0.0
2021-10-16 14:15:00,3398.5,3398.5,3398.5,3398.5,246,0.0
2021-10-16 14:17:00,3398.885,3399.14,3398.7,3399.14,1115,0.0
2021-10-16 14:18:00,3399.455,3399.455,3399.025,3399.3,1286,0.0
2021-10-16 14:19:00,3399.075,3399.14,3398.81,3399.045,884,0.0
2021-10-16 14:20:00,3398.03,3398.03,3398.03,3398.03,179,0.0
2021-10-16 14:23:00,3399.74,3399.74,3399.74,3399.74,282,0.0
2021-10-16 14:25:00,3400.53,3400.57,3400.53,3400.57,291,0.0
2021-10-16 14:26:00,3400.76,3400.76,3400.76,3400.76,116,0.0
2021-10-16 14:27:00,3401.46,3401.46,3400.775,3400.775,202,0.0
2021-10-16 14:28:00,3401.76,3401.76,3401.76,3401.76,162,0.0
2021-10-16 14:29:00,3401.3,3402.21,3401.3,3401.92,919,0.0
2021-10-16 14:30:00,3402.11,3402.11,3402.11,3402.11,227,0.0
2021-10-16 14:31:00,3401.92,3401.92,3401.92,3401.92,225,0.0
2021-10-16 14:32:00,3401.06,3401.06,3399.39,3399.425,604,0.0
2021-10-16 14:33:00,3398.73,3398.73,3397.505,3397.745,528,0.0
2021-10-16 14:34:00,3398.695,3398.695,3398.695,3398.695,274,0.0
2021-10-16 14:35:00,3397.15,3397.15,3397.15,3397.15,202,0.0
2021-10-16 14:37:00,3398.815,3399.79,3398.815,3399.51,848,0.0
2021-10-16 14:38:00,3399.5,3399.5,3399.5,3399.5,158,0.0
2021-10-16 14:39:00,3399.01,3399.01,3399.01,3399.01,125,0.0
2021-10-16 14:40:00,3400.91,3401,3400.77,3400.77,629,0.0
2021-10-16 14:41:00,3400.245,3400.59,3400.245,3400.59,950,0.0
2021-10-16 14:42:00,3400.105,3400.43,3399.52,3400.22,1727,0.0
2021-10-16 14:43:00,3400,3400.16,3399.97,3399.97,572,0.0
2021-10-16 14:44:00,3400.09,3400.2,3399.64,3400.2,2052,0.0
2021-10-16 14:45:00,3400.03,3400.27,3400.03,3400.27,556,0.0
2021-10-16 14:46:00,3400.6,3400.6,3400.6,3400.6,516,0.0
2021-10-16 14:50:00,3402.09,3402.36,3402.05,3402.05,1150,0.0
2021-10-16 14:51:00,3402.9,3403.01,3402.89,3403.01,623,0.0
2021-10-16 14:52:00,3403.32,3404.85,3403.32,3404.85,823,0.0
2021-10-16 14:53:00,3405.55,3405.55,3405.55,3405.55,1067,0.0
2021-10-16 14:54:00,3405.84,3406.21,3405.44,3406.21,1450,0.0
2021-10-16 14:55:00,3406.83,3406.87,3405.76,3406.01,2868,0.0
2021-10-16 14:56:00,3405.48,3406.48,3405.48,3406.48,1785,0.0
2021-10-16 14:57:00,3406.35,3409.22,3406.27,3409.22,3204,0.0
2021-10-16 14:58:00,3408.39,3409.305,3408.39,3409.275,3859,0.0
2021-10-16 14:59:00,3409.285,3410.25,3409.285,3409.83,4437,0.0
2021-10-19 08:30:00,3388.44,3390.6,3386.705,3389.66,1686,0.0
2021-10-19 08:31:00,3392.315,3396.575,3392.315,3396.01,911,0.0
2021-10-19 08:33:00,3396.8,3398.85,3396.29,3398,1831,0.0
2021-10-19 08:34:00,3398.94,3398.94,3395.15,3395.15,1118,0.0
2021-10-19 08:35:00,3393.8,3393.8,3390.07,3390.07,2363,0.0
2021-10-19 08:36:00,3390.63,3391.22,3390.63,3391.17,814,0.0
2021-10-19 08:37:00,3392.085,3397.33,3392.085,3396.6,1803,0.0
2021-10-19 08:38:00,3399.03,3404.19,3399.03,3403.44,665,0.0
2021-10-19 08:39:00,3404.3,3404.3,3404.3,3404.3,273,0.0
2021-10-19 08:40:00,3405.54,3408.555,3403.99,3408.4,1577,0.0
2021-10-19 08:41:00,3409.4,3418.9,3409.4,3418.9,1609,0.0
2021-10-19 08:42:00,3416.53,3416.53,3415.65,3415.65,1088,0.0
2021-10-19 08:43:00,3416.625,3424.175,3416.625,3424.175,1558,0.0
2021-10-19 08:44:00,3419.85,3422.4,3419.85,3421,1405,0.0
2021-10-19 08:45:00,3418.78,3419.755,3416.33,3416.33,604,0.0
2021-10-19 08:46:00,3420.875,3422.62,3420.875,3422.62,397,0.0
2021-10-19 08:47:00,3424.94,3426.91,3423.4,3423.4,1691,0.0
2021-10-19 08:48:00,3425.005,3431.93,3425.005,3430.045,1719,0.0
2021-10-19 08:49:00,3431.31,3434.6,3431.31,3434.6,795,0.0
2021-10-19 08:50:00,3432.81,3432.81,3432.81,3432.81,291,0.0
2021-10-19 08:51:00,3427.61,3427.66,3427.6,3427.66,596,0.0
2021-10-19 08:52:00,3426.35,3426.35,3426.28,3426.28,536,0.0
2021-10-19 08:53:00,3427.37,3427.41,3427.37,3427.41,234,0.0
2021-10-19 08:55:00,3420.075,3420.075,3418.41,3419.47,791,0.0
2021-10-19 08:57:00,3431.9,3435.355,3431.9,3432.34,2245,0.0
2021-10-19 08:58:00,3431.62,3431.62,3425.01,3425.01,733,0.0
2021-10-19 08:59:00,3425.01,3425.01,3421.48,3421.48,722,0.0
2021-10-19 09:01:00,3422.64,3422.66,3422.055,3422.055,439,0.0
2021-10-19 09:04:00,3423.1,3423.1,3423.1,3423.1,319,0.0
2021-10-19 09:06:00,3426.73,3426.73,3426.73,3426.73,129,0.0
2021-10-19 09:08:00,3422.12,3422.32,3421.54,3421.54,646,0.0
2021-10-19 09:11:00,3418.54,3418.54,3418.54,3418.54,206,0.0
2021-10-19 09:12:00,3416.84,3417.585,3416.5,3417.585,452,0.0
2021-10-19 09:13:00,3418.12,3419.96,3418.12,3419.96,396,0.0
2021-10-19 09:14:00,3419.17,3419.17,3419.17,3419.17,124,0.0
2021-10-19 09:15:00,3411.93,3411.93,3411.93,3411.93,128,0.0
2021-10-19 09:16:00,3411.32,3411.66,3411.32,3411.54,502,0.0
2021-10-19 09:18:00,3406.29,3406.29,3404.71,3404.71,436,0.0
2021-10-19 09:19:00,3401.925,3401.925,3401.925,3401.925,157,0.0
2021-10-19 09:20:00,3400.8,3401.82,3400.8,3401.82,543,0.0
2021-10-19 09:22:00,3406.96,3407.05,3406.96,3407.05,392,0.0
2021-10-19 09:24:00,3406.09,3406.09,3406.09,3406.09,149,0.0
2021-10-19 09:25:00,3405.38,3408.06,3405.38,3408.06,689,0.0
2021-10-19 09:28:00,3408.54,3409.93,3408.425,3408.425,1086,0.0
2021-10-19 09:31:00,3409.445,3409.445,3409.445,3409.445,110,0.0
2021-10-19 09:34:00,3403.38,3403.38,3403.24,3403.24,271,0.0
2021-10-19 09:35:00,3402.42,3402.42,3402.42,3402.42,255,0.0
2021-10-19 09:36:00,3399.75,3399.75,3399.75,3399.75,108,0.0
2021-10-19 09:37:00,3400.03,3400.03,3400.03,3400.03,329,0.0
2021-10-19 09:40:00,3405.92,3405.92,3405.92,3405.92,126,0.0
2021-10-19 09:42:00,3408.47,3408.47,3407.97,3407.97,268,0.0
2021-10-19 09:43:00,3405.84,3405.84,3405.84,3405.84,341,0.0
2021-10-19 09:44:00,3405.64,3405.64,3405.64,3405.64,240,0.0
2021-10-19 09:48:00,3405,3405,3405,3405,151,0.0
2021-10-19 09:53:00,3407.12,3407.12,3407.12,3407.12,205,0.0
2021-10-19 09:54:00,3406.04,3406.04,3406.04,3406.04,160,0.0
2021-10-19 10:01:00,3405.55,3405.55,3405.55,3405.55,321,0.0
2021-10-19 10:11:00,3411.79,3411.79,3411.79,3411.79,249,0.0
2021-10-19 10:14:00,3412.62,3412.68,3412.62,3412.68,408,0.0
2021-10-19 10:21:00,3418.35,3418.35,3418.21,3418.21,770,0.0
2021-10-19 10:25:00,3417.68,3417.68,3416.14,3416.14,415,0.0
2021-10-19 10:27:00,3416.75,3416.75,3416.75,3416.75,253,0.0
2021-10-19 10:31:00,3412.28,3412.28,3412.28,3412.28,232,0.0
2021-10-19 10:39:00,3414.11,3414.11,3414.11,3414.11,521,0.0
2021-10-19 10:45:00,3416.23,3416.23,3416.23,3416.23,190,0.0
2021-10-19 10:46:00,3420.335,3420.335,3420.335,3420.335,275,0.0
2021-10-19 10:47:00,3418.62,3418.62,3418.52,3418.52,681,0.0
2021-10-19 11:04:00,3418.12,3418.12,3418.12,3418.12,205,0.0
2021-10-19 11:06:00,3418.68,3418.68,3418.68,3418.68,178,0.0
2021-10-19 11:10:00,3422.55,3422.55,3422.55,3422.55,164,0.0
2021-10-19 11:16:00,3415.95,3415.95,3415.95,3415.95,127,0.0
2021-10-19 11:17:00,3415.42,3415.42,3414.52,3414.52,228,0.0
2021-10-19 11:18:00,3412.665,3412.665,3412.665,3412.665,111,0.0
2021-10-19 11:20:00,3414.42,3414.42,3414.42,3414.42,110,0.0
2021-10-19 11:22:00,3416.52,3416.52,3416.52,3416.52,105,0.0
2021-10-19 11:25:00,3416.13,3416.13,3416.13,3416.13,177,0.0
2021-10-19 11:49:00,3423.95,3423.95,3423.95,3423.95,138,0.0
2021-10-19 11:54:00,3427.25,3427.25,3427.25,3427.25,135,0.0
2021-10-19 11:57:00,3428.34,3428.83,3428.34,3428.83,268,0.0
2021-10-19 11:58:00,3429.65,3429.65,3429.65,3429.65,241,0.0
2021-10-19 12:01:00,3430.42,3430.68,3430.42,3430.68,228,0.0
2021-10-19 12:04:00,3428.29,3428.29,3428.29,3428.29,324,0.0
2021-10-19 12:15:00,3426.37,3426.37,3426.37,3426.37,300,0.0
2021-10-19 12:19:00,3429.34,3429.34,3429.34,3429.34,102,0.0
2021-10-19 12:29:00,3435.58,3435.58,3435.58,3435.58,405,0.0
2021-10-19 12:30:00,3436.9,3436.9,3436.9,3436.9,285,0.0
2021-10-19 12:32:00,3437.7,3437.7,3437.7,3437.7,271,0.0
2021-10-19 12:33:00,3436.99,3436.99,3436.67,3436.67,371,0.0
2021-10-19 12:34:00,3437.32,3437.32,3437.32,3437.32,106,0.0
2021-10-19 12:38:00,3438.52,3438.52,3438.52,3438.52,119,0.0
2021-10-19 12:45:00,3438.66,3438.69,3438.66,3438.69,237,0.0
2021-10-19 12:55:00,3439.58,3439.58,3439.58,3439.58,102,0.0
2021-10-19 13:06:00,3440.515,3440.515,3440.515,3440.515,317,0.0
2021-10-19 13:13:00,3438.27,3438.27,3438.27,3438.27,106,0.0
2021-10-19 13:34:00,3442.45,3442.45,3442.45,3442.45,208,0.0
2021-10-19 13:35:00,3443.14,3443.14,3442.57,3442.57,388,0.0
2021-10-19 13:37:00,3441.56,3441.56,3441.56,3441.56,134,0.0
2021-10-19 13:42:00,3445.43,3445.43,3445.43,3445.43,207,0.0
2021-10-19 13:47:00,3444.99,3444.99,3444.99,3444.99,249,0.0
2021-10-19 13:57:00,3447.5,3447.5,3447.5,3447.5,253,0.0
2021-10-19 14:07:00,3445.48,3445.48,3445.48,3445.48,209,0.0
2021-10-19 14:08:00,3445.16,3445.16,3445.16,3445.16,254,0.0
2021-10-19 14:11:00,3447.23,3447.23,3446.44,3446.44,1372,0.0
2021-10-19 14:13:00,3444.4,3444.4,3444.3,3444.3,422,0.0
2021-10-19 14:17:00,3446.57,3446.57,3446.57,3446.57,551,0.0
2021-10-19 14:23:00,3446.36,3446.36,3446.36,3446.36,293,0.0
2021-10-19 14:25:00,3444.95,3445.34,3444.92,3444.92,1045,0.0
2021-10-19 14:26:00,3443.5,3443.5,3442.5,3442.5,699,0.0
2021-10-19 14:27:00,3442,3442,3442,3442,107,0.0
2021-10-19 14:29:00,3442.98,3442.98,3442.98,3442.98,139,0.0
2021-10-19 14:32:00,3441.15,3441.15,3441.15,3441.15,546,0.0
2021-10-19 14:33:00,3440,3440,3440,3440,132,0.0
2021-10-19 14:34:00,3439.7,3439.705,3439.7,3439.705,532,0.0
2021-10-19 14:35:00,3439.77,3439.83,3439.77,3439.83,625,0.0
2021-10-19 14:36:00,3440.47,3440.47,3440.47,3440.47,108,0.0
2021-10-19 14:39:00,3442.92,3443.155,3442.92,3443.155,339,0.0
2021-10-19 14:42:00,3444.53,3444.53,3443.45,3443.45,443,0.0
2021-10-19 14:46:00,3446.61,3446.61,3446.61,3446.61,258,0.0
2021-10-19 14:48:00,3444.9,3444.96,3444.9,3444.96,733,0.0
2021-10-19 14:50:00,3448.51,3448.51,3448.51,3448.51,367,0.0
2021-10-19 14:51:00,3447.79,3447.79,3446.85,3446.85,333,0.0
2021-10-19 14:52:00,3446.66,3446.98,3446.66,3446.98,382,0.0
2021-10-19 14:54:00,3448.48,3448.97,3448.48,3448.97,915,0.0
2021-10-19 14:55:00,3448.775,3448.775,3448.14,3448.14,803,0.0
2021-10-19 14:57:00,3448.63,3448.63,3448.04,3448.54,1339,0.0
2021-10-19 14:58:00,3448.02,3448.32,3448.01,3448.32,1351,0.0
2021-10-19 14:59:00,3448.605,3448.69,3447.185,3447.185,3077,0.0
2021-10-20 08:30:00,3435.91,3435.91,3428.905,3431.84,1957,0.0
2021-10-20 08:31:00,3431.55,3431.87,3428.13,3430.84,2190,0.0
2021-10-20 08:32:00,3432.06,3442.52,3432.06,3442.52,1023,0.0
2021-10-20 08:33:00,3440.29,3440.29,3438.05,3438.05,419,0.0
2021-10-20 08:34:00,3440.94,3441.31,3440.94,3441.31,449,0.0
2021-10-20 08:35:00,3437.89,3437.89,3437.89,3437.89,319,0.0
2021-10-20 08:36:00,3437.52,3441.3,3437.52,3440.37,1400,0.0
2021-10-20 08:38:00,3444.55,3444.55,3444.55,3444.55,251,0.0
2021-10-20 08:39:00,3444.94,3449.04,3444.94,3449.04,868,0.0
2021-10-20 08:40:00,3450.31,3450.31,3450.31,3450.31,425,0.0
2021-10-20 08:43:00,3449.2,3449.2,3447.585,3447.585,829,0.0
2021-10-20 08:44:00,3444.56,3444.56,3444.56,3444.56,290,0.0
2021-10-20 08:48:00,3446.785,3446.785,3444.5,3444.94,1114,0.0
2021-10-20 08:49:00,3445.075,3445.075,3445.075,3445.075,336,0.0
2021-10-20 08:50:00,3444.91,3444.91,3444.91,3444.91,143,0.0
2021-10-20 08:51:00,3441.34,3441.34,3441.34,3441.34,146,0.0
2021-10-20 08:54:00,3442.67,3442.67,3442.67,3442.67,323,0.0
2021-10-20 08:56:00,3436.04,3436.04,3436.04,3436.04,308,0.0
2021-10-20 08:57:00,3434.66,3434.66,3429.655,3429.715,1026,0.0
2021-10-20 08:58:00,3427.275,3427.275,3427.275,3427.275,601,0.0
2021-10-20 08:59:00,3427.75,3429.54,3427.75,3429.14,393,0.0
2021-10-20 09:00:00,3430.55,3431.66,3430.535,3431.66,977,0.0
2021-10-20 09:01:00,3431.255,3431.255,3430,3430,729,0.0
2021-10-20 09:02:00,3431.405,3433.035,3431.195,3433.035,304,0.0
2021-10-20 09:03:00,3433.17,3433.635,3432.71,3433.29,601,0.0
2021-10-20 09:04:00,3432.25,3432.25,3431.925,3431.925,305,0.0
2021-10-20 09:05:00,3438.89,3439.3,3438.89,3439.3,332,0.0
2021-10-20 09:06:00,3436.88,3436.88,3436.88,3436.88,201,0.0
2021-10-20 09:07:00,3436.88,3438.19,3436.88,3437.94,414,0.0
2021-10-20 09:08:00,3438.78,3438.78,3438.69,3438.69,268,0.0
2021-10-20 09:10:00,3438.14,3438.16,3438.14,3438.16,289,0.0
2021-10-20 09:11:00,3439.38,3441.5,3439.38,3441.5,465,0.0
2021-10-20 09:12:00,3443.165,3445.63,3443.165,3443.36,679,0.0
2021-10-20 09:13:00,3443.905,3443.905,3441.64,3441.64,1004,0.0
2021-10-20 09:14:00,3437.01,3437.01,3436.59,3436.82,804,0.0
2021-10-20 09:15:00,3440.98,3440.98,3440.98,3440.98,121,0.0
2021-10-20 09:16:00,3440.94,3440.94,3440.94,3440.94,238,0.0
2021-10-20 09:18:00,3437.16,3437.16,3437.16,3437.16,156,0.0
2021-10-20 09:21:00,3437.43,3437.43,3437.43,3437.43,137,0.0
2021-10-20 09:22:00,3434.915,3434.915,3434.915,3434.915,319,0.0
2021-10-20 09:23:00,3435.18,3435.18,3435.18,3435.18,102,0.0
2021-10-20 09:24:00,3436.425,3436.425,3436.425,3436.425,104,0.0
2021-10-20 09:25:00,3436.31,3436.31,3436.12,3436.12,251,0.0
2021-10-20 09:26:00,3438.06,3438.06,3436.515,3436.515,306,0.0
2021-10-20 09:27:00,3438.05,3438.88,3438.05,3438.75,466,0.0
2021-10-20 09:28:00,3439.98,3440.04,3439.98,3440.04,301,0.0
2021-10-20 09:29:00,3440.35,3440.35,3440.35,3440.35,121,0.0
2021-10-20 09:30:00,3439.45,3439.45,3439.445,3439.445,203,0.0
2021-10-20 09:31:00,3438.02,3438.02,3438.02,3438.02,141,0.0
2021-10-20 09:33:00,3437.03,3437.03,3437.03,3437.03,114,0.0
2021-10-20 09:37:00,3435.12,3435.12,3435.08,3435.08,217,0.0
2021-10-20 09:38:00,3433.14,3433.14,3433.14,3433.14,134,0.0
2021-10-20 09:39:00,3433.33,3433.33,3433.33,3433.33,348,0.0
2021-10-20 09:41:00,3435.42,3435.42,3435.42,3435.42,138,0.0
2021-10-20 09:46:00,3435.475,3435.685,3435.475,3435.685,549,0.0
2021-10-20 09:50:00,3437.185,3437.185,3437.185,3437.185,112,0.0
2021-10-20 09:52:00,3438.12,3438.12,3438.04,3438.04,374,0.0
2021-10-20 09:53:00,3437.12,3437.12,3437,3437,514,0.0
2021-10-20 09:56:00,3441.58,3441.58,3441.58,3441.58,273,0.0
2021-10-20 09:59:00,3442.915,3442.915,3442.915,3442.915,225,0.0
2021-10-20 10:00:00,3441.97,3441.97,3441.97,3441.97,247,0.0
2021-10-20 10:07:00,3442.97,3442.97,3442.28,3442.28,250,0.0
2021-10-20 10:09:00,3438.7,3438.7,3438.7,3438.7,207,0.0
2021-10-20 10:10:00,3437.75,3437.75,3437.75,3437.75,123,0.0
2021-10-20 10:12:00,3436.47,3436.47,3435.02,3435.02,577,0.0
2021-10-20 10:13:00,3435.05,3435.52,3435.05,3435.095,445,0.0
2021-10-20 10:14:00,3434.145,3434.25,3434.145,3434.25,444,0.0
2021-10-20 10:15:00,3434.05,3434.6,3434.05,3434.465,327,0.0
2021-10-20 10:17:00,3433.06,3433.06,3431.68,3431.68,251,0.0
2021-10-20 10:18:00,3431.88,3431.88,3431.88,3431.88,267,0.0
2021-10-20 10:19:00,3431.74,3432.14,3431.74,3432.14,268,0.0
2021-10-20 10:25:00,3434.24,3434.24,3434.24,3434.24,170,0.0
2021-10-20 10:26:00,3434.73,3434.73,3434.73,3434.73,201,0.0
2021-10-20 10:30:00,3435.12,3435.12,3435.12,3435.12,216,0.0
2021-10-20 10:35:00,3432.38,3432.38,3431.14,3431.2,385,0.0
2021-10-20 10:36:00,3431.65,3431.65,3431.65,3431.65,345,0.0
2021-10-20 10:43:00,3426.4,3426.4,3426.4,3426.4,148,0.0
2021-10-20 10:44:00,3426,3426,3426,3426,489,0.0
2021-10-20 10:47:00,3427.67,3427.67,3427.67,3427.67,211,0.0
2021-10-20 10:49:00,3427.36,3427.36,3426.8,3426.8,432,0.0
2021-10-20 10:50:00,3427.27,3427.27,3426.97,3426.97,352,0.0
2021-10-20 10:52:00,3426.69,3426.69,3426.69,3426.69,216,0.0
2021-10-20 10:53:00,3424.41,3424.41,3424.41,3424.41,116,0.0
2021-10-20 10:54:00,3424.665,3424.665,3424.665,3424.665,102,0.0
2021-10-20 10:55:00,3423.03,3423.03,3423.01,3423.01,224,0.0
2021-10-20 10:56:00,3423.65,3423.7,3423.65,3423.7,583,0.0
2021-10-20 10:57:00,3423.46,3423.46,3423.46,3423.46,284,0.0
2021-10-20 11:00:00,3423.28,3423.28,3423.28,3423.28,122,0.0
2021-10-20 11:01:00,3423.315,3423.315,3423.315,3423.315,218,0.0
2021-10-20 11:02:00,3424.16,3424.16,3424.16,3424.16,117,0.0
2021-10-20 11:08:00,3423.04,3423.04,3422.96,3422.96,204,0.0
2021-10-20 11:09:00,3423.92,3424,3423.59,3423.64,468,0.0
2021-10-20 11:10:00,3423.245,3423.245,3423.125,3423.125,702,0.0
2021-10-20 11:12:00,3423.84,3423.84,3423.69,3423.7,633,0.0
2021-10-20 11:17:00,3426.03,3427.23,3425.96,3427.23,699,0.0
2021-10-20 11:18:00,3427.02,3427.02,3427.02,3427.02,133,0.0
2021-10-20 11:20:00,3426.97,3428.29,3426.97,3428.29,306,0.0
2021-10-20 11:22:00,3426.94,3426.94,3426.84,3426.84,547,0.0
2021-10-20 11:35:00,3428.67,3428.67,3428.67,3428.67,117,0.0
2021-10-20 11:38:00,3426.71,3426.71,3426.71,3426.71,263,0.0
2021-10-20 11:50:00,3426.73,3426.73,3426.73,3426.73,201,0.0
2021-10-20 11:51:00,3426.91,3426.91,3426.91,3426.91,293,0.0
2021-10-20 11:56:00,3429.1,3429.395,3429.07,3429.395,1314,0.0
2021-10-20 12:00:00,3431.75,3431.75,3431.73,3431.73,241,0.0
2021-10-20 12:06:00,3430.3,3430.3,3430.3,3430.3,230,0.0
2021-10-20 12:07:00,3429.81,3429.81,3429.81,3429.81,200,0.0
2021-10-20 12:11:00,3427.745,3427.745,3427.745,3427.745,178,0.0
2021-10-20 12:12:00,3428.75,3428.75,3428.75,3428.75,112,0.0
2021-10-20 12:22:00,3432.63,3433.14,3432.405,3433.14,757,0.0
2021-10-20 12:24:00,3432.82,3432.82,3432.82,3432.82,226,0.0
2021-10-20 12:25:00,3432.395,3432.395,3430,3430,1347,0.0
2021-10-20 12:52:00,3429.59,3429.59,3429.59,3429.59,237,0.0
2021-10-20 13:02:00,3434.87,3434.93,3434.87,3434.93,342,0.0
2021-10-20 13:06:00,3438.73,3439.25,3438.47,3439.25,1038,0.0
2021-10-20 13:10:00,3437.53,3437.53,3437.38,3437.38,302,0.0
2021-10-20 13:11:00,3438.25,3438.25,3438.25,3438.25,196,0.0
2021-10-20 13:13:00,3442.53,3442.53,3442.53,3442.53,277,0.0
2021-10-20 13:17:00,3443.22,3443.22,3443.22,3443.22,240,0.0
2021-10-20 13:20:00,3443.87,3443.87,3443.87,3443.87,244,0.0
2021-10-20 13:23:00,3440.72,3441.08,3440.72,3441.08,524,0.0
2021-10-20 13:25:00,3440.82,3440.85,3440.82,3440.85,203,0.0
2021-10-20 13:32:00,3437.525,3437.525,3437.525,3437.525,102,0.0
2021-10-20 13:37:00,3437.56,3437.56,3437.56,3437.56,136,0.0
2021-10-20 13:40:00,3440.11,3440.11,3440.11,3440.11,124,0.0
2021-10-20 13:51:00,3439.985,3439.985,3439.985,3439.985,151,0.0
2021-10-20 13:58:00,3441.19,3441.19,3441.19,3441.19,387,0.0
2021-10-20 13:59:00,3442.32,3445.88,3442.32,3445.88,614,0.0
2021-10-20 14:00:00,3446.85,3446.85,3446.85,3446.85,120,0.0
2021-10-20 14:03:00,3447.25,3447.25,3447.25,3447.25,150,0.0
2021-10-20 14:05:00,3447.21,3447.21,3447.21,3447.21,201,0.0
2021-10-20 14:07:00,3447.225,3447.225,3447.225,3447.225,206,0.0
2021-10-20 14:09:00,3448.69,3448.69,3448.69,3448.69,168,0.0
2021-10-20 14:11:00,3452.685,3452.685,3452.685,3452.685,251,0.0
2021-10-20 14:12:00,3453.22,3453.22,3453.22,3453.22,400,0.0
2021-10-20 14:13:00,3450.02,3450.06,3450.02,3450.06,421,0.0
2021-10-20 14:19:00,3454.01,3454.01,3454.01,3454.01,211,0.0
2021-10-20 14:20:00,3451.51,3451.51,3451.29,3451.29,421,0.0
2021-10-20 14:21:00,3450.04,3450.04,3448.69,3448.69,479,0.0
2021-10-20 14:23:00,3446.86,3446.96,3446.86,3446.96,377,0.0
2021-10-20 14:33:00,3445.61,3445.61,3445.61,3445.61,104,0.0
2021-10-20 14:38:00,3446.67,3446.67,3446.67,3446.67,139,0.0
2021-10-20 14:43:00,3444.12,3444.12,3444.12,3444.12,320,0.0
2021-10-20 14:47:00,3444.42,3444.42,3443.64,3443.64,665,0.0
2021-10-20 14:50:00,3447.345,3447.345,3447.345,3447.345,608,0.0
2021-10-20 14:51:00,3448.36,3448.36,3448.36,3448.36,477,0.0
2021-10-20 14:54:00,3448.79,3448.79,3444.42,3445.39,1725,0.0
2021-10-20 14:55:00,3444.49,3444.49,3444.47,3444.47,792,0.0
2021-10-20 14:56:00,3444.01,3444.01,3444.01,3444.01,276,0.0
2021-10-20 14:58:00,3443.615,3443.615,3443.3,3443.3,438,0.0
2021-10-20 14:59:00,3444.47,3444.47,3443.04,3443.04,1684,0.0
2021-10-21 08:30:00,3452.495,3460.5,3452.495,3457,2008,0.0
2021-10-21 08:31:00,3457.95,3458.25,3457.95,3458.25,618,0.0
2021-10-21 08:32:00,3459.88,3460.32,3459.88,3460.32,264,0.0
2021-10-21 08:33:00,3458.76,3458.76,3458.76,3458.76,230,0.0
2021-10-21 08:34:00,3457.5,3457.5,3457.05,3457.05,506,0.0
2021-10-21 08:35:00,3455.21,3455.52,3455.21,3455.52,370,0.0
2021-10-21 08:36:00,3455.44,3455.44,3455.44,3455.44,531,0.0
2021-10-21 08:37:00,3454.33,3454.33,3453.84,3453.84,588,0.0
2021-10-21 08:39:00,3455.295,3455.295,3454.64,3454.64,804,0.0
2021-10-21 08:40:00,3456.01,3456.01,3456.01,3456.01,401,0.0
2021-10-21 08:43:00,3450.16,3450.16,3450.16,3450.16,254,0.0
2021-10-21 08:44:00,3448.01,3448.01,3448.01,3448.01,716,0.0
2021-10-21 08:45:00,3451.53,3451.53,3451.53,3451.53,401,0.0
2021-10-21 08:46:00,3451.56,3451.56,3451.1,3451.1,470,0.0
2021-10-21 08:48:00,3453.05,3453.05,3452.42,3452.42,689,0.0
2021-10-21 08:51:00,3450.01,3450.01,3443.145,3446.94,1941,0.0
2021-10-21 08:52:00,3444,3444,3443.07,3443.07,571,0.0
2021-10-21 08:53:00,3440.01,3440.01,3437.95,3437.95,1597,0.0
2021-10-21 08:54:00,3435.01,3435.01,3435.01,3435.01,483,0.0
2021-10-21 08:55:00,3434.07,3439.17,3434.07,3439.17,806,0.0
2021-10-21 08:57:00,3442.22,3442.22,3442.22,3442.22,289,0.0
2021-10-21 08:58:00,3440.29,3440.29,3439.28,3439.43,333,0.0
2021-10-21 08:59:00,3440.61,3440.61,3440.61,3440.61,169,0.0
2021-10-21 09:00:00,3437.435,3437.46,3437.435,3437.46,334,0.0
2021-10-21 09:03:00,3431.49,3432.36,3431.07,3432.36,422,0.0
2021-10-21 09:04:00,3432.41,3433.48,3432.41,3433.48,523,0.0
2021-10-21 09:06:00,3434.25,3434.26,3434.25,3434.26,270,0.0
2021-10-21 09:07:00,3432.06,3432.06,3432.06,3432.06,139,0.0
2021-10-21 09:08:00,3434.81,3434.81,3434.81,3434.81,197,0.0
2021-10-21 09:11:00,3438.725,3438.725,3438.725,3438.725,375,0.0
2021-10-21 09:14:00,3438.49,3438.49,3438.03,3438.03,348,0.0
2021-10-21 09:16:00,3435.72,3435.72,3435.72,3435.72,212,0.0
2021-10-21 09:17:00,3434.645,3434.645,3433.47,3433.47,859,0.0
2021-10-21 09:26:00,3435.55,3435.55,3435.55,3435.55,426,0.0
2021-10-21 09:27:00,3436.76,3436.76,3436.345,3436.76,369,0.0
2021-10-21 09:30:00,3436.38,3436.38,3436.38,3436.38,518,0.0
2021-10-21 09:33:00,3439.62,3439.65,3439.62,3439.65,232,0.0
2021-10-21 09:36:00,3438.69,3438.69,3438.69,3438.69,172,0.0
2021-10-21 09:39:00,3431.88,3431.88,3431.88,3431.88,279,0.0
2021-10-21 09:41:00,3435.895,3435.895,3435.895,3435.895,222,0.0
2021-10-21 09:42:00,3436.64,3436.64,3436.64,3436.64,150,0.0
2021-10-21 09:47:00,3435.53,3435.53,3435.37,3435.37,383,0.0
2021-10-21 09:50:00,3435.98,3435.98,3435.98,3435.98,307,0.0
2021-10-21 09:58:00,3431.31,3431.31,3431.31,3431.31,281,0.0
2021-10-21 09:59:00,3427.33,3427.33,3427.33,3427.33,459,0.0
2021-10-21 10:00:00,3427.79,3427.79,3426.13,3427.33,1331,0.0
2021-10-21 10:01:00,3425.07,3425.07,3425.07,3425.07,364,0.0
2021-10-21 10:02:00,3425,3425,3425,3425,512,0.0
2021-10-21 10:03:00,3425.005,3425.52,3425.005,3425.05,538,0.0
2021-10-21 10:04:00,3422.4,3422.4,3422.4,3422.4,209,0.0
2021-10-21 10:06:00,3425.3,3425.3,3425.3,3425.3,352,0.0
2021-10-21 10:11:00,3428.5,3428.5,3428.5,3428.5,109,0.0
2021-10-21 10:15:00,3426.01,3426.01,3426.01,3426.01,174,0.0
2021-10-21 10:16:00,3427.27,3428.525,3427.27,3428.525,693,0.0
2021-10-21 10:18:00,3428.22,3428.22,3428.22,3428.22,230,0.0
2021-10-21 10:21:00,3430.01,3430.01,3430.01,3430.01,148,0.0
2021-10-21 10:22:00,3429.26,3429.26,3429.26,3429.26,254,0.0
2021-10-21 10:25:00,3428,3428,3428,3428,179,0.0
2021-10-21 10:26:00,3426.825,3426.825,3424.2,3424.2,295,0.0
2021-10-21 10:27:00,3424.695,3424.695,3424.695,3424.695,143,0.0
2021-10-21 10:30:00,3425.99,3425.99,3425.99,3425.99,124,0.0
2021-10-21 10:33:00,3425.585,3425.585,3425.585,3425.585,115,0.0
2021-10-21 10:34:00,3425.79,3425.79,3425.79,3425.79,202,0.0
2021-10-21 10:35:00,3425.65,3425.65,3425.65,3425.65,143,0.0
2021-10-21 10:38:00,3427.8,3427.8,3427.8,3427.8,222,0.0
2021-10-21 10:39:00,3427.995,3427.995,3427.995,3427.995,603,0.0
2021-10-21 10:40:00,3429.67,3429.67,3429.67,3429.67,247,0.0
2021-10-21 10:48:00,3434.35,3434.35,3434.35,3434.35,240,0.0
2021-10-21 10:52:00,3434.23,3434.23,3434.22,3434.22,211,0.0
2021-10-21 10:55:00,3433.28,3433.28,3433.13,3433.13,474,0.0
2021-10-21 10:56:00,3432.165,3432.165,3432.165,3432.165,102,0.0
2021-10-21 10:57:00,3434.15,3434.15,3434.15,3434.15,195,0.0
2021-10-21 10:59:00,3434.5,3434.5,3434.5,3434.5,174,0.0
2021-10-21 11:00:00,3434.35,3434.35,3434.35,3434.35,424,0.0
2021-10-21 11:02:00,3432.7,3432.7,3432.44,3432.44,337,0.0
2021-10-21 11:04:00,3433.09,3433.09,3433.09,3433.09,111,0.0
2021-10-21 11:05:00,3432.415,3432.415,3432.415,3432.415,100,0.0
2021-10-21 11:09:00,3429.78,3429.78,3429.78,3429.78,188,0.0
2021-10-21 11:10:00,3428.77,3428.77,3428.77,3428.77,110,0.0
2021-10-21 11:11:00,3430.08,3430.08,3430.08,3430.08,275,0.0
2021-10-21 11:21:00,3429.98,3429.98,3429.98,3429.98,292,0.0
2021-10-21 11:22:00,3431.645,3431.645,3431.645,3431.645,294,0.0
2021-10-21 11:23:00,3430.11,3430.11,3430.04,3430.04,452,0.0
2021-10-21 11:24:00,3429.4,3429.4,3429.4,3429.4,349,0.0
2021-10-21 11:41:00,3428.84,3428.84,3428.84,3428.84,203,0.0
2021-10-21 11:49:00,3426.01,3426.01,3426.01,3426.01,135,0.0
2021-10-21 11:53:00,3426.73,3426.73,3426.67,3426.67,364,0.0
2021-10-21 11:55:00,3426.95,3426.95,3426.95,3426.95,146,0.0
2021-10-21 11:57:00,3425.01,3425.01,3425.01,3425.01,129,0.0
2021-10-21 11:58:00,3425.51,3425.51,3425.51,3425.51,205,0.0
2021-10-21 12:03:00,3425,3425,3425,3425,206,0.0
2021-10-21 12:06:00,3420.59,3420.59,3420.59,3420.59,160,0.0
2021-10-21 12:07:00,3420,3420,3420,3420,4437,0.0
2021-10-21 12:08:00,3420,3420,3420,3420,1561,0.0
2021-10-21 12:10:00,3417.27,3417.27,3417.27,3417.27,259,0.0
2021-10-21 12:11:00,3417.24,3418.51,3417.24,3418.51,338,0.0
2021-10-21 12:13:00,3418.4,3418.4,3416.9,3416.9,447,0.0
2021-10-21 12:14:00,3417.24,3417.28,3415,3415,599,0.0
2021-10-21 12:15:00,3407.98,3407.98,3402.87,3406.28,1703,0.0
2021-10-21 12:16:00,3405.21,3405.21,3405.21,3405.21,250,0.0
2021-10-21 12:18:00,3404.84,3404.84,3404.84,3404.84,254,0.0
2021-10-21 12:20:00,3403.32,3403.32,3403.32,3403.32,215,0.0
2021-10-21 12:21:00,3400.83,3400.83,3400.45,3400.45,334,0.0
2021-10-21 12:22:00,3404.3,3404.3,3404.3,3404.3,439,0.0
2021-10-21 12:23:00,3408.87,3408.87,3408.87,3408.87,348,0.0
2021-10-21 12:24:00,3408.9,3409.96,3408.9,3409.96,704,0.0
2021-10-21 12:29:00,3409.55,3409.56,3409.55,3409.56,231,0.0
2021-10-21 12:30:00,3410.35,3410.35,3410.35,3410.35,229,0.0
2021-10-21 12:33:00,3409.885,3409.885,3409.885,3409.885,113,0.0
2021-10-21 12:35:00,3411.89,3411.89,3411.89,3411.89,380,0.0
2021-10-21 12:36:00,3412.8,3413,3412.8,3413,879,0.0
2021-10-21 12:40:00,3414.36,3414.36,3414.36,3414.36,273,0.0
2021-10-21 12:45:00,3410.645,3411.68,3410.645,3411.68,352,0.0
2021-10-21 12:46:00,3411.58,3411.58,3410.66,3410.66,291,0.0
2021-10-21 12:50:00,3410.57,3410.57,3410.57,3410.57,199,0.0
2021-10-21 12:52:00,3412.07,3412.07,3412.07,3412.07,158,0.0
2021-10-21 12:56:00,3413.26,3413.26,3413.26,3413.26,262,0.0
2021-10-21 13:01:00,3416.3,3416.3,3416.3,3416.3,132,0.0
2021-10-21 13:03:00,3417.53,3417.53,3417.53,3417.53,265,0.0
2021-10-21 13:09:00,3418.79,3419.12,3418.79,3419.12,530,0.0
2021-10-21 13:12:00,3416.12,3416.325,3416.12,3416.325,210,0.0
2021-10-21 13:13:00,3415.69,3415.69,3415.69,3415.69,149,0.0
2021-10-21 13:21:00,3415.9,3415.9,3415.9,3415.9,247,0.0
2021-10-21 13:22:00,3415.21,3415.21,3414.5,3414.62,622,0.0
2021-10-21 13:27:00,3413.72,3413.72,3413.72,3413.72,143,0.0
2021-10-21 13:30:00,3412.795,3412.795,3412.795,3412.795,122,0.0
2021-10-21 13:31:00,3411.73,3411.73,3411.73,3411.73,250,0.0
2021-10-21 13:32:00,3412.11,3412.11,3412.11,3412.11,118,0.0
2021-10-21 13:38:00,3413.36,3413.36,3413.36,3413.36,101,0.0
2021-10-21 13:44:00,3415.935,3415.935,3415.935,3415.935,101,0.0
2021-10-21 13:45:00,3418.31,3418.31,3417.72,3417.72,415,0.0
2021-10-21 13:49:00,3415.21,3415.21,3415.21,3415.21,138,0.0
2021-10-21 13:50:00,3415.19,3415.24,3415.19,3415.24,287,0.0
2021-10-21 13:51:00,3416.09,3416.09,3416.09,3416.09,126,0.0
2021-10-21 13:54:00,3413.61,3413.61,3413.61,3413.61,201,0.0
2021-10-21 13:56:00,3415.57,3415.57,3415.57,3415.57,284,0.0
2021-10-21 13:57:00,3418.2,3418.2,3418.2,3418.2,141,0.0
2021-10-21 13:58:00,3417.68,3417.68,3417.68,3417.68,154,0.0
2021-10-21 14:00:00,3417.82,3417.82,3417.82,3417.82,177,0.0
2021-10-21 14:08:00,3421.99,3422.7,3421.99,3422.46,591,0.0
2021-10-21 14:12:00,3424.265,3424.265,3424.265,3424.265,390,0.0
2021-10-21 14:14:00,3422.08,3422.08,3422.03,3422.03,335,0.0
2021-10-21 14:15:00,3423.37,3423.37,3423.37,3423.37,276,0.0
2021-10-21 14:16:00,3421.13,3421.13,3420.79,3420.79,244,0.0
2021-10-21 14:26:00,3422,3422,3422,3422,200,0.0
2021-10-21 14:31:00,3418.3,3418.3,3418.29,3418.29,463,0.0
2021-10-21 14:39:00,3415.61,3415.61,3415.56,3415.56,320,0.0
2021-10-21 14:43:00,3417.845,3417.845,3417.845,3417.845,130,0.0
2021-10-21 14:44:00,3418.76,3418.76,3418.38,3418.38,335,0.0
2021-10-21 14:46:00,3419,3419.02,3419,3419.02,325,0.0
2021-10-21 14:47:00,3419.09,3419.98,3419.09,3419.98,258,0.0
2021-10-21 14:48:00,3419.16,3419.16,3419.16,3419.16,141,0.0
2021-10-21 14:50:00,3418.53,3418.53,3418.03,3418.03,393,0.0
2021-10-21 14:51:00,3417.33,3417.33,3417.33,3417.33,396,0.0
2021-10-21 14:52:00,3416.78,3416.79,3416.56,3416.56,962,0.0
2021-10-21 14:53:00,3415.66,3415.66,3415.01,3415.35,522,0.0
2021-10-21 14:54:00,3416.26,3416.26,3414.815,3415.34,787,0.0
2021-10-21 14:55:00,3415.1,3415.13,3409.84,3409.84,1263,0.0
2021-10-21 14:56:00,3410.15,3410.67,3410.02,3410.04,1334,0.0
2021-10-21 14:57:00,3409.925,3410.42,3409.71,3410.245,871,0.0
2021-10-21 14:58:00,3412.91,3413.32,3412.91,3413.32,592,0.0
2021-10-21 14:59:00,3415.49,3416.4,3411.72,3414.68,3033,0.0
