Date,Open,High,Low,Close,Volume,OpenInterest
2021-10-14 11:43:00,0.655,0.6554,0.655,0.6554,1200,0.0
2021-10-14 11:44:00,0.6545,0.6545,0.6545,0.6545,2700,0.0
2021-10-14 11:45:00,0.6545,0.6545,0.6545,0.6545,100,0.0
2021-10-14 11:46:00,0.6542,0.6542,0.6542,0.6542,1050,0.0
2021-10-14 11:47:00,0.6538,0.6539,0.6538,0.6539,1900,0.0
2021-10-14 11:48:00,0.6539,0.6542,0.6539,0.6542,500,0.0
2021-10-14 11:49:00,0.6546,0.655,0.6543,0.655,2000,0.0
2021-10-14 11:50:00,0.6555,0.6555,0.6552,0.6555,4300,0.0
2021-10-14 11:51:00,0.6551,0.6551,0.6551,0.6551,500,0.0
2021-10-14 11:53:00,0.6534,0.6534,0.6534,0.6534,7200,0.0
2021-10-14 11:54:00,0.654,0.654,0.654,0.654,100,0.0
2021-10-14 11:55:00,0.655,0.6551,0.655,0.6551,400,0.0
2021-10-14 11:56:00,0.6557,0.6569,0.6557,0.6569,2600,0.0
2021-10-14 11:57:00,0.6557,0.6557,0.6557,0.6557,200,0.0
2021-10-14 11:59:00,0.6558,0.6558,0.6558,0.6558,136,0.0
2021-10-14 12:03:00,0.6554,0.6554,0.6554,0.6554,417,0.0
2021-10-14 12:04:00,0.6554,0.6554,0.6554,0.6554,1500,0.0
2021-10-14 12:05:00,0.6561,0.6587,0.6561,0.6587,1200,0.0
2021-10-14 12:06:00,0.6584,0.6584,0.6584,0.6584,200,0.0
2021-10-14 12:08:00,0.6591,0.6595,0.6591,0.6595,500,0.0
2021-10-14 12:09:00,0.659,0.659,0.659,0.659,100,0.0
2021-10-14 12:12:00,0.658,0.658,0.658,0.658,200,0.0
2021-10-14 12:13:00,0.6581,0.6581,0.6581,0.6581,900,0.0
2021-10-14 12:14:00,0.6585,0.6585,0.6585,0.6585,700,0.0
2021-10-14 12:15:00,0.6587,0.6587,0.6587,0.6587,500,0.0
2021-10-14 12:16:00,0.6594,0.6594,0.6594,0.6594,1000,0.0
2021-10-14 12:18:00,0.6583,0.6583,0.6583,0.6583,500,0.0
2021-10-14 12:21:00,0.6572,0.6572,0.6572,0.6572,850,0.0
2021-10-14 12:23:00,0.6565,0.6565,0.656,0.656,500,0.0
2021-10-14 12:26:00,0.6563,0.6563,0.6563,0.6563,200,0.0
2021-10-14 12:27:00,0.6552,0.6552,0.6552,0.6552,1000,0.0
2021-10-14 12:28:00,0.6544,0.6544,0.6544,0.6544,400,0.0
2021-10-14 12:29:00,0.6537,0.6538,0.6532,0.6532,8900,0.0
2021-10-14 12:30:00,0.6553,0.6553,0.6553,0.6553,117,0.0
2021-10-14 12:31:00,0.6537,0.654,0.653,0.654,800,0.0
2021-10-14 12:32:00,0.6541,0.6554,0.6541,0.6554,1100,0.0
2021-10-14 12:34:00,0.656,0.6566,0.656,0.6566,1400,0.0
2021-10-14 12:36:00,0.655,0.655,0.655,0.655,100,0.0
2021-10-14 12:37:00,0.6545,0.6546,0.654,0.654,13200,0.0
2021-10-14 12:38:00,0.654,0.655,0.654,0.655,1800,0.0
2021-10-14 12:39:00,0.6552,0.6555,0.6552,0.6555,2800,0.0
2021-10-14 12:40:00,0.656,0.656,0.656,0.656,100,0.0
2021-10-14 12:41:00,0.6562,0.6571,0.6562,0.6571,1800,0.0
2021-10-14 12:42:00,0.6568,0.6568,0.6561,0.6561,800,0.0
2021-10-14 12:44:00,0.6563,0.6563,0.6557,0.6557,2800,0.0
2021-10-14 12:45:00,0.6558,0.6569,0.6558,0.6568,39853,0.0
2021-10-14 12:46:00,0.6572,0.6572,0.6572,0.6572,7100,0.0
2021-10-14 12:47:00,0.6578,0.6578,0.6578,0.6578,200,0.0
2021-10-14 12:48:00,0.6578,0.6578,0.6578,0.6578,2539,0.0
2021-10-14 12:50:00,0.6578,0.6578,0.6578,0.6578,100,0.0
2021-10-14 12:51:00,0.6588,0.6588,0.6584,0.6584,400,0.0
2021-10-14 12:52:00,0.6583,0.6583,0.6583,0.6583,651,0.0
2021-10-14 12:54:00,0.6582,0.6595,0.6582,0.6595,2060,0.0
2021-10-14 12:55:00,0.6598,0.6598,0.6598,0.6598,200,0.0
2021-10-14 12:56:00,0.6572,0.6589,0.6572,0.6589,600,0.0
2021-10-14 12:58:00,0.6589,0.6589,0.6589,0.6589,300,0.0
2021-10-14 12:59:00,0.6591,0.6593,0.6589,0.6589,800,0.0
2021-10-14 13:00:00,0.6587,0.6587,0.6587,0.6587,100,0.0
2021-10-14 13:01:00,0.659,0.6599,0.659,0.6599,700,0.0
2021-10-14 13:02:00,0.658,0.658,0.658,0.658,100,0.0
2021-10-14 13:03:00,0.6572,0.658,0.6572,0.658,221,0.0
2021-10-14 13:05:00,0.6585,0.6585,0.6585,0.6585,100,0.0
2021-10-14 13:06:00,0.6588,0.6588,0.6588,0.6588,200,0.0
2021-10-14 13:07:00,0.6584,0.6584,0.6584,0.6584,500,0.0
2021-10-14 13:09:00,0.6587,0.6587,0.6567,0.6569,2400,0.0
2021-10-14 13:10:00,0.657,0.6572,0.6564,0.6564,13242,0.0
2021-10-14 13:11:00,0.6568,0.6568,0.6567,0.6567,2600,0.0
2021-10-14 13:14:00,0.6568,0.6569,0.6568,0.6569,11274,0.0
2021-10-14 13:15:00,0.6571,0.6571,0.6569,0.6569,1600,0.0
2021-10-14 13:16:00,0.6567,0.6567,0.6564,0.6564,400,0.0
2021-10-14 13:17:00,0.656,0.656,0.656,0.656,4900,0.0
2021-10-14 13:18:00,0.6572,0.6572,0.6572,0.6572,100,0.0
2021-10-14 13:20:00,0.6574,0.6574,0.6574,0.6574,400,0.0
2021-10-14 13:23:00,0.6559,0.6562,0.6559,0.6562,2700,0.0
2021-10-14 13:24:00,0.6569,0.6573,0.6569,0.6573,1100,0.0
2021-10-14 13:25:00,0.6582,0.6582,0.6582,0.6582,114,0.0
2021-10-14 13:27:00,0.6582,0.6582,0.6582,0.6582,900,0.0
2021-10-14 13:28:00,0.6582,0.6586,0.6582,0.6586,1400,0.0
2021-10-14 13:29:00,0.6598,0.6598,0.6591,0.6595,1700,0.0
2021-10-14 13:30:00,0.6594,0.6594,0.6594,0.6594,200,0.0
2021-10-14 13:31:00,0.6584,0.6584,0.6584,0.6584,200,0.0
2021-10-14 13:33:00,0.6582,0.6582,0.6582,0.6582,200,0.0
2021-10-14 13:36:00,0.6581,0.6581,0.6581,0.6581,1000,0.0
2021-10-14 13:37:00,0.6581,0.6581,0.6581,0.6581,400,0.0
2021-10-14 13:38:00,0.6578,0.6578,0.6578,0.6578,100,0.0
2021-10-14 13:39:00,0.6579,0.6579,0.6579,0.6579,600,0.0
2021-10-14 13:40:00,0.6579,0.6579,0.6579,0.6579,600,0.0
2021-10-14 13:43:00,0.6577,0.6578,0.6577,0.6578,300,0.0
2021-10-14 13:44:00,0.6581,0.6581,0.6581,0.6581,900,0.0
2021-10-14 13:45:00,0.6582,0.6591,0.6582,0.6591,1600,0.0
2021-10-14 13:46:00,0.6611,0.6611,0.6611,0.6611,100,0.0
2021-10-14 13:47:00,0.6629,0.6629,0.6629,0.6629,119,0.0
2021-10-14 13:48:00,0.6604,0.6606,0.6602,0.6606,900,0.0
2021-10-14 13:49:00,0.6628,0.6628,0.6628,0.6628,100,0.0
2021-10-14 13:50:00,0.6627,0.664,0.6627,0.664,600,0.0
2021-10-14 13:52:00,0.6604,0.6604,0.6604,0.6604,200,0.0
2021-10-14 13:53:00,0.6606,0.6608,0.6606,0.6608,800,0.0
2021-10-14 13:56:00,0.6601,0.6608,0.6601,0.6608,1300,0.0
2021-10-14 13:57:00,0.661,0.661,0.661,0.661,100,0.0
2021-10-14 13:58:00,0.6605,0.6605,0.6605,0.6605,100,0.0
2021-10-14 14:00:00,0.6601,0.6601,0.6601,0.6601,200,0.0
2021-10-14 14:01:00,0.6601,0.6601,0.6601,0.6601,100,0.0
2021-10-14 14:05:00,0.66,0.66,0.66,0.66,100,0.0
2021-10-14 14:06:00,0.6599,0.661,0.6599,0.661,1700,0.0
2021-10-14 14:07:00,0.6613,0.6614,0.6613,0.6614,900,0.0
2021-10-14 14:08:00,0.6605,0.6607,0.6605,0.6605,900,0.0
2021-10-14 14:12:00,0.6599,0.6603,0.6599,0.6603,1500,0.0
2021-10-14 14:14:00,0.66,0.66,0.66,0.66,100,0.0
2021-10-14 14:16:00,0.6597,0.6598,0.6597,0.6598,2700,0.0
2021-10-14 14:17:00,0.6601,0.6607,0.6601,0.6602,1600,0.0
2021-10-14 14:19:00,0.6603,0.6616,0.6603,0.6616,900,0.0
2021-10-14 14:21:00,0.661,0.661,0.6606,0.6606,600,0.0
2021-10-14 14:22:00,0.6609,0.6612,0.6609,0.6612,400,0.0
2021-10-14 14:24:00,0.6613,0.6613,0.6603,0.6603,453,0.0
2021-10-14 14:25:00,0.6603,0.6605,0.6603,0.6605,300,0.0
2021-10-14 14:26:00,0.6606,0.6612,0.6606,0.6612,2300,0.0
2021-10-14 14:27:00,0.6607,0.6607,0.6602,0.6602,1000,0.0
2021-10-14 14:29:00,0.6602,0.6602,0.6602,0.6602,100,0.0
2021-10-14 14:30:00,0.66,0.6601,0.66,0.6601,1300,0.0
2021-10-14 14:31:00,0.6603,0.6609,0.6603,0.6609,1000,0.0
2021-10-14 14:32:00,0.6609,0.6609,0.6609,0.6609,400,0.0
2021-10-14 14:35:00,0.6604,0.6604,0.6604,0.6604,120,0.0
2021-10-14 14:36:00,0.6604,0.6612,0.6604,0.6612,1300,0.0
2021-10-14 14:37:00,0.6612,0.6619,0.6612,0.6619,1000,0.0
2021-10-14 14:39:00,0.6601,0.661,0.6601,0.661,1140,0.0
2021-10-14 14:40:00,0.6606,0.6606,0.6606,0.6606,200,0.0
2021-10-14 14:41:00,0.6602,0.6602,0.6602,0.6602,100,0.0
2021-10-14 14:43:00,0.6601,0.6601,0.6601,0.6601,300,0.0
2021-10-14 14:44:00,0.6604,0.6606,0.6604,0.6606,1400,0.0
2021-10-14 14:45:00,0.6605,0.6606,0.6605,0.6606,500,0.0
2021-10-14 14:48:00,0.6606,0.6606,0.6606,0.6606,1900,0.0
2021-10-14 14:50:00,0.6601,0.6601,0.6601,0.6601,100,0.0
2021-10-14 14:51:00,0.66,0.6601,0.66,0.6601,1000,0.0
2021-10-14 14:53:00,0.659,0.659,0.6586,0.6586,500,0.0
2021-10-14 14:54:00,0.6587,0.6587,0.6584,0.6584,700,0.0
2021-10-14 14:55:00,0.6594,0.6594,0.6594,0.6594,300,0.0
2021-10-14 14:56:00,0.6588,0.6595,0.6588,0.6595,1508,0.0
2021-10-14 14:57:00,0.6595,0.6595,0.6591,0.6594,1185,0.0
2021-10-14 14:58:00,0.6604,0.6605,0.6604,0.6605,600,0.0
2021-10-14 14:59:00,0.661,0.661,0.661,0.661,100,0.0
2021-10-15 08:31:00,0.6624,0.6624,0.6624,0.6624,600,0.0
2021-10-15 08:34:00,0.6622,0.6622,0.6622,0.6622,100,0.0
2021-10-15 08:39:00,0.661,0.661,0.661,0.661,292,0.0
2021-10-15 08:40:00,0.6618,0.6618,0.6615,0.6615,3068,0.0
2021-10-15 08:41:00,0.6619,0.6619,0.6619,0.6619,700,0.0
2021-10-15 08:45:00,0.6651,0.6651,0.6651,0.6651,300,0.0
2021-10-15 08:47:00,0.6642,0.6642,0.6642,0.6642,300,0.0
2021-10-15 08:48:00,0.6646,0.6646,0.6646,0.6646,600,0.0
2021-10-15 08:52:00,0.6665,0.6665,0.6665,0.6665,100,0.0
2021-10-15 08:53:00,0.6735,0.674,0.6731,0.6731,4400,0.0
2021-10-15 08:57:00,0.678,0.678,0.678,0.678,600,0.0
2021-10-15 09:03:00,0.673,0.6747,0.673,0.6747,1941,0.0
2021-10-15 09:07:00,0.6744,0.6744,0.6744,0.6744,141,0.0
2021-10-15 09:11:00,0.6814,0.6814,0.6814,0.6814,300,0.0
2021-10-15 09:20:00,0.6776,0.6776,0.6776,0.6776,140,0.0
2021-10-15 09:25:00,0.68,0.6801,0.68,0.6801,1000,0.0
2021-10-15 09:29:00,0.6782,0.6782,0.6782,0.6782,1591,0.0
2021-10-15 09:32:00,0.6767,0.6767,0.6767,0.6767,707,0.0
2021-10-15 09:35:00,0.6761,0.6761,0.6761,0.6761,300,0.0
2021-10-15 09:36:00,0.6761,0.6761,0.6761,0.6761,120,0.0
2021-10-15 09:39:00,0.6756,0.6756,0.6756,0.6756,900,0.0
2021-10-15 09:40:00,0.6784,0.6784,0.6784,0.6784,100,0.0
2021-10-15 09:44:00,0.6765,0.6765,0.6765,0.6765,200,0.0
2021-10-15 09:46:00,0.6744,0.6745,0.6744,0.6745,1400,0.0
2021-10-15 09:48:00,0.6789,0.6789,0.6789,0.6789,109,0.0
2021-10-15 09:50:00,0.6774,0.6777,0.6774,0.6777,200,0.0
2021-10-15 09:51:00,0.6775,0.6775,0.6775,0.6775,100,0.0
2021-10-15 09:53:00,0.6799,0.6799,0.6799,0.6799,300,0.0
2021-10-15 09:54:00,0.68,0.68,0.68,0.68,1000,0.0
2021-10-15 10:03:00,0.6793,0.6797,0.6793,0.6797,200,0.0
2021-10-15 10:04:00,0.6805,0.6805,0.678,0.678,219,0.0
2021-10-15 10:05:00,0.6778,0.6782,0.6778,0.6782,434,0.0
2021-10-15 10:07:00,0.6797,0.6797,0.6797,0.6797,108,0.0
2021-10-15 10:09:00,0.6785,0.6785,0.6785,0.6785,400,0.0
2021-10-15 10:13:00,0.6781,0.6781,0.678,0.678,300,0.0
2021-10-15 10:16:00,0.6798,0.6798,0.6798,0.6798,200,0.0
2021-10-15 10:17:00,0.6795,0.6795,0.6795,0.6795,400,0.0
2021-10-15 10:18:00,0.6793,0.6793,0.6793,0.6793,800,0.0
2021-10-15 10:19:00,0.681,0.6819,0.681,0.6819,400,0.0
2021-10-15 10:23:00,0.6776,0.6776,0.6776,0.6776,200,0.0
2021-10-15 10:26:00,0.6776,0.6776,0.6776,0.6776,300,0.0
2021-10-15 10:30:00,0.6808,0.6808,0.6808,0.6808,100,0.0
2021-10-15 10:36:00,0.6806,0.6806,0.6806,0.6806,110,0.0
2021-10-15 10:40:00,0.6802,0.6802,0.6802,0.6802,200,0.0
2021-10-15 10:46:00,0.679,0.679,0.679,0.679,218,0.0
2021-10-15 10:48:00,0.678,0.6782,0.678,0.6782,1500,0.0
2021-10-15 10:53:00,0.6768,0.6768,0.6768,0.6768,400,0.0
2021-10-15 10:55:00,0.6782,0.6782,0.6782,0.6782,400,0.0
2021-10-15 10:56:00,0.6731,0.6775,0.6731,0.6775,1100,0.0
2021-10-15 11:03:00,0.6717,0.6719,0.6717,0.6719,300,0.0
2021-10-15 11:05:00,0.6702,0.6702,0.6702,0.6702,300,0.0
2021-10-15 11:06:00,0.6702,0.6702,0.6702,0.6702,1100,0.0
2021-10-15 11:10:00,0.6701,0.6701,0.6701,0.6701,100,0.0
2021-10-15 11:12:00,0.6706,0.6706,0.6706,0.6706,9700,0.0
2021-10-15 11:14:00,0.6706,0.6708,0.6706,0.6708,5145,0.0
2021-10-15 11:21:00,0.6708,0.6708,0.6708,0.6708,200,0.0
2021-10-15 11:25:00,0.6729,0.6729,0.6729,0.6729,100,0.0
2021-10-15 11:29:00,0.6702,0.6705,0.6702,0.6705,500,0.0
2021-10-15 11:33:00,0.6709,0.6711,0.6709,0.6711,1100,0.0
2021-10-15 11:34:00,0.6718,0.6718,0.6718,0.6718,100,0.0
2021-10-15 11:42:00,0.6719,0.6719,0.6719,0.6719,600,0.0
2021-10-15 11:45:00,0.6706,0.6706,0.6706,0.6706,401,0.0
2021-10-15 11:46:00,0.6707,0.6712,0.6707,0.6712,605,0.0
2021-10-15 11:47:00,0.6711,0.6711,0.6711,0.6711,400,0.0
2021-10-15 11:52:00,0.6701,0.6701,0.6701,0.6701,100,0.0
2021-10-15 11:57:00,0.6704,0.6704,0.6704,0.6704,100,0.0
2021-10-15 12:00:00,0.6705,0.6705,0.6705,0.6705,200,0.0
2021-10-15 12:04:00,0.6699,0.6699,0.6699,0.6699,200,0.0
2021-10-15 12:13:00,0.6693,0.6693,0.6693,0.6693,100,0.0
2021-10-15 12:14:00,0.6693,0.6693,0.6693,0.6693,200,0.0
2021-10-15 12:19:00,0.6687,0.6687,0.6687,0.6687,300,0.0
2021-10-15 12:29:00,0.6696,0.6696,0.6696,0.6696,200,0.0
2021-10-15 12:32:00,0.6692,0.6692,0.6691,0.6691,300,0.0
2021-10-15 12:34:00,0.6687,0.6702,0.6687,0.6702,400,0.0
2021-10-15 12:35:00,0.6714,0.6714,0.6714,0.6714,200,0.0
2021-10-15 12:37:00,0.674,0.6744,0.674,0.6744,400,0.0
2021-10-15 12:42:00,0.6746,0.6746,0.6746,0.6746,100,0.0
2021-10-15 12:44:00,0.6759,0.6759,0.6759,0.6759,100,0.0
2021-10-15 12:45:00,0.6751,0.6751,0.6751,0.6751,100,0.0
2021-10-15 12:59:00,0.6773,0.6773,0.6773,0.6773,400,0.0
2021-10-15 13:04:00,0.6772,0.6772,0.6772,0.6772,1400,0.0
2021-10-15 13:06:00,0.6772,0.6772,0.6772,0.6772,200,0.0
2021-10-15 13:07:00,0.6773,0.6773,0.6773,0.6773,200,0.0
2021-10-15 13:09:00,0.6774,0.6774,0.6773,0.6773,300,0.0
2021-10-15 13:13:00,0.6769,0.6769,0.6769,0.6769,400,0.0
2021-10-15 13:18:00,0.6756,0.6756,0.6756,0.6756,100,0.0
2021-10-15 13:23:00,0.6757,0.6757,0.6757,0.6757,100,0.0
2021-10-15 13:24:00,0.6757,0.6757,0.6757,0.6757,100,0.0
2021-10-15 13:25:00,0.6757,0.6757,0.6757,0.6757,100,0.0
2021-10-15 13:27:00,0.6751,0.6751,0.6751,0.6751,400,0.0
2021-10-15 13:33:00,0.6751,0.6751,0.6751,0.6751,200,0.0
2021-10-15 13:35:00,0.675,0.675,0.675,0.675,224,0.0
2021-10-15 13:45:00,0.6666,0.6666,0.6666,0.6666,200,0.0
2021-10-15 13:50:00,0.6667,0.6667,0.6667,0.6667,2900,0.0
2021-10-15 13:59:00,0.6669,0.6669,0.6669,0.6669,100,0.0
2021-10-15 14:00:00,0.6682,0.6682,0.6682,0.6682,1100,0.0
2021-10-15 14:04:00,0.6672,0.6672,0.6672,0.6672,200,0.0
2021-10-15 14:13:00,0.6629,0.6629,0.6629,0.6629,100,0.0
2021-10-15 14:25:00,0.6643,0.6643,0.664,0.664,459,0.0
2021-10-15 14:28:00,0.6634,0.6637,0.6634,0.6635,1100,0.0
2021-10-15 14:29:00,0.6634,0.6634,0.6634,0.6634,100,0.0
2021-10-15 14:31:00,0.6633,0.6633,0.6633,0.6633,700,0.0
2021-10-15 14:33:00,0.6634,0.6634,0.6634,0.6634,300,0.0
2021-10-15 14:34:00,0.6637,0.6638,0.6636,0.6636,900,0.0
2021-10-15 14:36:00,0.6638,0.6638,0.6638,0.6638,200,0.0
2021-10-15 14:37:00,0.6646,0.6646,0.6646,0.6646,200,0.0
2021-10-15 14:42:00,0.6622,0.6622,0.6622,0.6622,100,0.0
2021-10-15 14:43:00,0.6623,0.6626,0.6623,0.6626,200,0.0
2021-10-15 14:44:00,0.6634,0.6634,0.6634,0.6634,200,0.0
2021-10-15 14:47:00,0.6654,0.6654,0.6654,0.6654,179,0.0
2021-10-15 14:49:00,0.6652,0.6652,0.6652,0.6652,300,0.0
2021-10-15 14:50:00,0.6641,0.6641,0.6641,0.6641,100,0.0
2021-10-15 14:51:00,0.6643,0.6643,0.6643,0.6643,200,0.0
2021-10-15 14:52:00,0.6645,0.6645,0.6644,0.6644,600,0.0
2021-10-15 14:56:00,0.6649,0.6649,0.6642,0.6642,1890,0.0
2021-10-15 14:58:00,0.6642,0.6642,0.6641,0.6641,514,0.0
2021-10-15 14:59:00,0.6641,0.6641,0.6641,0.6641,300,0.0
2021-10-16 08:37:00,0.6664,0.6664,0.6664,0.6664,700,0.0
2021-10-16 08:44:00,0.667,0.667,0.667,0.667,100,0.0
2021-10-16 08:46:00,0.6656,0.6656,0.6656,0.6656,200,0.0
2021-10-16 08:47:00,0.666,0.666,0.6655,0.6655,1450,0.0
2021-10-16 08:48:00,0.6683,0.6683,0.6679,0.6679,408,0.0
2021-10-16 08:49:00,0.6669,0.6669,0.6669,0.6669,6400,0.0
2021-10-16 08:50:00,0.666,0.666,0.666,0.666,100,0.0
2021-10-16 08:51:00,0.666,0.6669,0.666,0.6669,450,0.0
2021-10-16 08:53:00,0.6673,0.6673,0.6673,0.6673,200,0.0
2021-10-16 08:54:00,0.6673,0.6673,0.6673,0.6673,300,0.0
2021-10-16 08:56:00,0.6676,0.6676,0.6676,0.6676,400,0.0
2021-10-16 08:57:00,0.6688,0.6688,0.6687,0.6687,500,0.0
2021-10-16 08:59:00,0.6673,0.6673,0.6673,0.6673,100,0.0
2021-10-16 09:05:00,0.6663,0.6663,0.6663,0.6663,200,0.0
2021-10-16 09:08:00,0.6641,0.6641,0.6641,0.6641,400,0.0
2021-10-16 09:19:00,0.6602,0.6603,0.6602,0.6603,800,0.0
2021-10-16 09:27:00,0.6579,0.6579,0.6579,0.6579,100,0.0
2021-10-16 09:29:00,0.6586,0.6586,0.6585,0.6585,300,0.0
2021-10-16 09:39:00,0.6584,0.6584,0.6584,0.6584,500,0.0
2021-10-16 09:48:00,0.658,0.658,0.658,0.658,700,0.0
2021-10-16 09:49:00,0.6584,0.6599,0.6584,0.6599,900,0.0
2021-10-16 09:52:00,0.6608,0.6608,0.6608,0.6608,100,0.0
2021-10-16 09:53:00,0.6619,0.6619,0.6619,0.6619,800,0.0
2021-10-16 10:11:00,0.6614,0.6614,0.6614,0.6614,400,0.0
2021-10-16 10:13:00,0.6613,0.6613,0.6608,0.6608,300,0.0
2021-10-16 10:20:00,0.6616,0.6616,0.6616,0.6616,200,0.0
2021-10-16 10:28:00,0.6607,0.6607,0.6607,0.6607,400,0.0
2021-10-16 10:30:00,0.6604,0.6604,0.6604,0.6604,300,0.0
2021-10-16 10:37:00,0.6613,0.6613,0.6613,0.6613,200,0.0
2021-10-16 10:55:00,0.6586,0.6586,0.6586,0.6586,300,0.0
2021-10-16 10:56:00,0.6586,0.6586,0.6586,0.6586,200,0.0
2021-10-16 10:59:00,0.6597,0.6597,0.6597,0.6597,200,0.0
2021-10-16 11:08:00,0.6596,0.6596,0.6596,0.6596,200,0.0
2021-10-16 11:11:00,0.6595,0.6595,0.6595,0.6595,500,0.0
2021-10-16 11:25:00,0.6595,0.6595,0.6595,0.6595,200,0.0
2021-10-16 11:26:00,0.6594,0.6594,0.6594,0.6594,300,0.0
2021-10-16 11:31:00,0.6591,0.6591,0.6591,0.6591,400,0.0
2021-10-16 11:34:00,0.6592,0.6592,0.6592,0.6592,100,0.0
2021-10-16 11:35:00,0.6586,0.6586,0.6586,0.6586,200,0.0
2021-10-16 11:37:00,0.6585,0.6585,0.6585,0.6585,100,0.0
2021-10-16 11:41:00,0.6582,0.6582,0.6582,0.6582,200,0.0
2021-10-16 11:47:00,0.6583,0.6584,0.6583,0.6584,800,0.0
2021-10-16 11:50:00,0.6584,0.6584,0.6584,0.6584,100,0.0
2021-10-16 11:52:00,0.659,0.659,0.659,0.659,100,0.0
2021-10-16 11:54:00,0.6585,0.6585,0.6585,0.6585,400,0.0
2021-10-16 11:56:00,0.6578,0.6578,0.6578,0.6578,100,0.0
2021-10-16 11:59:00,0.6578,0.6578,0.6578,0.6578,500,0.0
2021-10-16 12:03:00,0.6578,0.6578,0.6578,0.6578,100,0.0
2021-10-16 12:11:00,0.6566,0.6566,0.6566,0.6566,300,0.0
2021-10-16 12:14:00,0.6576,0.6576,0.6576,0.6576,500,0.0
2021-10-16 12:18:00,0.6572,0.6572,0.6572,0.6572,100,0.0
2021-10-16 12:20:00,0.6572,0.6572,0.6572,0.6572,100,0.0
2021-10-16 12:22:00,0.6572,0.6572,0.6571,0.6571,800,0.0
2021-10-16 12:23:00,0.6572,0.6572,0.6572,0.6572,105,0.0
2021-10-16 12:24:00,0.6572,0.6572,0.6572,0.6572,100,0.0
2021-10-16 12:26:00,0.6572,0.6572,0.6572,0.6572,200,0.0
2021-10-16 12:27:00,0.6573,0.6573,0.6573,0.6573,100,0.0
2021-10-16 12:28:00,0.6576,0.6586,0.6576,0.6586,2300,0.0
2021-10-16 12:42:00,0.6574,0.6574,0.6574,0.6574,400,0.0
2021-10-16 12:44:00,0.6576,0.6576,0.6576,0.6576,400,0.0
2021-10-16 12:46:00,0.6577,0.6577,0.6576,0.6576,550,0.0
2021-10-16 12:50:00,0.6574,0.6574,0.6574,0.6574,160,0.0
2021-10-16 12:52:00,0.6566,0.6566,0.6566,0.6566,600,0.0
2021-10-16 12:56:00,0.6574,0.6574,0.6574,0.6574,400,0.0
2021-10-16 12:57:00,0.6575,0.6575,0.6575,0.6575,848,0.0
2021-10-16 13:05:00,0.6567,0.6567,0.6567,0.6567,100,0.0
2021-10-16 13:16:00,0.6553,0.6553,0.6553,0.6553,400,0.0
2021-10-16 13:17:00,0.6553,0.6553,0.6553,0.6553,200,0.0
2021-10-16 13:19:00,0.6553,0.6553,0.6553,0.6553,300,0.0
2021-10-16 13:20:00,0.6555,0.6567,0.6555,0.6567,600,0.0
2021-10-16 13:21:00,0.6567,0.6567,0.6567,0.6567,100,0.0
2021-10-16 13:23:00,0.6567,0.6567,0.6567,0.6567,700,0.0
2021-10-16 13:24:00,0.6566,0.6566,0.6566,0.6566,500,0.0
2021-10-16 13:25:00,0.6568,0.6568,0.6568,0.6568,150,0.0
2021-10-16 13:26:00,0.657,0.657,0.657,0.657,2900,0.0
2021-10-16 13:27:00,0.6569,0.6574,0.6569,0.6574,650,0.0
2021-10-16 13:28:00,0.6573,0.6573,0.6573,0.6573,100,0.0
2021-10-16 13:36:00,0.6569,0.6569,0.6569,0.6569,200,0.0
2021-10-16 13:37:00,0.6569,0.6569,0.6569,0.6569,400,0.0
2021-10-16 13:39:00,0.657,0.657,0.657,0.657,300,0.0
2021-10-16 13:41:00,0.6569,0.6569,0.6569,0.6569,200,0.0
2021-10-16 13:44:00,0.6593,0.6593,0.6593,0.6593,500,0.0
2021-10-16 13:47:00,0.6595,0.6595,0.6595,0.6595,300,0.0
2021-10-16 13:51:00,0.6591,0.6591,0.6591,0.6591,1300,0.0
2021-10-16 13:54:00,0.6598,0.6598,0.6598,0.6598,100,0.0
2021-10-16 13:56:00,0.6598,0.6598,0.6598,0.6598,400,0.0
2021-10-16 13:57:00,0.66,0.66,0.66,0.66,400,0.0
2021-10-16 13:58:00,0.6602,0.6602,0.6602,0.6602,300,0.0
2021-10-16 13:59:00,0.661,0.661,0.661,0.661,300,0.0
2021-10-16 14:01:00,0.6616,0.6616,0.6616,0.6616,200,0.0
2021-10-16 14:10:00,0.6582,0.6585,0.6582,0.6585,1300,0.0
2021-10-16 14:12:00,0.6587,0.6587,0.6587,0.6587,200,0.0
2021-10-16 14:13:00,0.6587,0.6587,0.6587,0.6587,200,0.0
2021-10-16 14:14:00,0.6587,0.6599,0.6587,0.6599,500,0.0
2021-10-16 14:15:00,0.6597,0.6597,0.6597,0.6597,100,0.0
2021-10-16 14:22:00,0.6573,0.6574,0.6573,0.6574,1200,0.0
2021-10-16 14:29:00,0.6571,0.6571,0.6571,0.6571,100,0.0
2021-10-16 14:33:00,0.6563,0.6563,0.6563,0.6563,900,0.0
2021-10-16 14:34:00,0.6565,0.6565,0.6565,0.6565,6600,0.0
2021-10-16 14:35:00,0.6564,0.6564,0.6564,0.6564,300,0.0
2021-10-16 14:36:00,0.6564,0.6564,0.6564,0.6564,400,0.0
2021-10-16 14:37:00,0.6566,0.6566,0.6566,0.6566,100,0.0
2021-10-16 14:38:00,0.6566,0.6566,0.6566,0.6566,100,0.0
2021-10-16 14:39:00,0.6569,0.6569,0.6569,0.6569,100,0.0
2021-10-16 14:41:00,0.6579,0.6579,0.6578,0.6578,800,0.0
2021-10-16 14:42:00,0.6578,0.6578,0.6578,0.6578,200,0.0
2021-10-16 14:44:00,0.6571,0.6571,0.6571,0.6571,200,0.0
2021-10-16 14:47:00,0.6568,0.6569,0.6568,0.6569,600,0.0
2021-10-16 14:48:00,0.6569,0.6569,0.6569,0.6569,300,0.0
2021-10-16 14:52:00,0.6553,0.6553,0.6553,0.6553,100,0.0
2021-10-16 14:53:00,0.6552,0.6552,0.6552,0.6552,700,0.0
2021-10-16 14:54:00,0.6552,0.6552,0.6552,0.6552,500,0.0
2021-10-16 14:55:00,0.6552,0.6552,0.6552,0.6552,600,0.0
2021-10-16 14:56:00,0.6569,0.6569,0.6559,0.6559,9200,0.0
2021-10-16 14:57:00,0.6552,0.6552,0.6552,0.6552,700,0.0
2021-10-16 14:58:00,0.6568,0.6568,0.6568,0.6568,109,0.0
2021-10-16 14:59:00,0.6565,0.6565,0.6565,0.6565,1000,0.0
2021-10-19 08:30:00,0.6525,0.6525,0.652,0.652,200,0.0
2021-10-19 08:33:00,0.6509,0.6509,0.6509,0.6509,100,0.0
2021-10-19 08:37:00,0.653,0.653,0.653,0.653,1100,0.0
2021-10-19 08:41:00,0.6544,0.6544,0.6544,0.6544,100,0.0
2021-10-19 08:43:00,0.6549,0.6549,0.6549,0.6549,100,0.0
2021-10-19 08:44:00,0.6541,0.6548,0.6541,0.6548,200,0.0
2021-10-19 08:47:00,0.6535,0.6535,0.6535,0.6535,135,0.0
2021-10-19 08:49:00,0.6504,0.6504,0.6504,0.6504,100,0.0
2021-10-19 08:50:00,0.6515,0.6515,0.6515,0.6515,300,0.0
2021-10-19 08:53:00,0.651,0.651,0.651,0.651,100,0.0
2021-10-19 08:54:00,0.6513,0.6518,0.6513,0.6518,400,0.0
2021-10-19 08:55:00,0.6522,0.6522,0.6522,0.6522,100,0.0
2021-10-19 08:57:00,0.6527,0.6527,0.6527,0.6527,100,0.0
2021-10-19 08:58:00,0.6525,0.6525,0.6525,0.6525,200,0.0
2021-10-19 08:59:00,0.6525,0.6525,0.6525,0.6525,100,0.0
2021-10-19 09:01:00,0.6526,0.6526,0.6526,0.6526,100,0.0
2021-10-19 09:02:00,0.6525,0.6525,0.6525,0.6525,200,0.0
2021-10-19 09:07:00,0.6506,0.6506,0.6506,0.6506,500,0.0
2021-10-19 09:08:00,0.651,0.651,0.651,0.651,300,0.0
2021-10-19 09:09:00,0.651,0.651,0.651,0.651,200,0.0
2021-10-19 09:10:00,0.6511,0.6511,0.6511,0.6511,200,0.0
2021-10-19 09:16:00,0.6515,0.6515,0.6515,0.6515,600,0.0
2021-10-19 09:17:00,0.6519,0.652,0.6519,0.652,300,0.0
2021-10-19 09:19:00,0.6521,0.6521,0.6521,0.6521,100,0.0
2021-10-19 09:20:00,0.6522,0.6522,0.6522,0.6522,400,0.0
2021-10-19 09:21:00,0.6522,0.6522,0.6522,0.6522,400,0.0
2021-10-19 09:24:00,0.6522,0.6527,0.6522,0.6527,500,0.0
2021-10-19 09:27:00,0.655,0.655,0.655,0.655,200,0.0
2021-10-19 09:28:00,0.6556,0.6556,0.6556,0.6556,100,0.0
2021-10-19 09:30:00,0.6558,0.6558,0.6558,0.6558,100,0.0
2021-10-19 09:36:00,0.653,0.653,0.653,0.653,100,0.0
2021-10-19 09:38:00,0.654,0.654,0.654,0.654,300,0.0
2021-10-19 09:44:00,0.6537,0.6537,0.6537,0.6537,100,0.0
2021-10-19 09:47:00,0.6517,0.6517,0.6517,0.6517,100,0.0
2021-10-19 09:48:00,0.651,0.651,0.651,0.651,600,0.0
2021-10-19 09:49:00,0.6509,0.651,0.6509,0.651,500,0.0
2021-10-19 09:53:00,0.6507,0.6507,0.6507,0.6507,100,0.0
2021-10-19 09:55:00,0.6517,0.6517,0.6517,0.6517,101,0.0
2021-10-19 09:57:00,0.6511,0.6511,0.6511,0.6511,100,0.0
2021-10-19 10:05:00,0.6501,0.6501,0.6501,0.6501,200,0.0
2021-10-19 10:06:00,0.6503,0.6503,0.6503,0.6503,100,0.0
2021-10-19 10:10:00,0.651,0.651,0.651,0.651,100,0.0
2021-10-19 10:12:00,0.6501,0.6501,0.6501,0.6501,101,0.0
2021-10-19 10:13:00,0.6502,0.6502,0.6502,0.6502,100,0.0
2021-10-19 10:16:00,0.6502,0.6502,0.6502,0.6502,100,0.0
2021-10-19 10:25:00,0.6477,0.6477,0.6477,0.6477,200,0.0
2021-10-19 10:26:00,0.6472,0.6472,0.6472,0.6472,615,0.0
2021-10-19 10:30:00,0.6442,0.6442,0.6442,0.6442,300,0.0
2021-10-19 10:34:00,0.6467,0.6467,0.6467,0.6467,210,0.0
2021-10-19 10:35:00,0.6465,0.6465,0.6465,0.6465,1000,0.0
2021-10-19 10:36:00,0.6465,0.6465,0.6453,0.6457,542,0.0
2021-10-19 10:37:00,0.6452,0.6452,0.6452,0.6452,500,0.0
2021-10-19 10:38:00,0.6446,0.6446,0.6446,0.6446,2057,0.0
2021-10-19 10:39:00,0.6441,0.6444,0.6441,0.6444,12500,0.0
2021-10-19 10:42:00,0.6445,0.6445,0.6445,0.6445,117,0.0
2021-10-19 10:43:00,0.6446,0.6446,0.6446,0.6446,7600,0.0
2021-10-19 10:44:00,0.6449,0.6469,0.6449,0.6469,12100,0.0
2021-10-19 10:47:00,0.6433,0.6436,0.6433,0.6436,10609,0.0
2021-10-19 10:48:00,0.6438,0.6442,0.6438,0.6442,15100,0.0
2021-10-19 10:50:00,0.6457,0.6457,0.6457,0.6457,3200,0.0
2021-10-19 10:51:00,0.6441,0.6442,0.6441,0.6442,2012,0.0
2021-10-19 10:52:00,0.6442,0.645,0.6442,0.645,11757,0.0
2021-10-19 10:53:00,0.645,0.6452,0.645,0.6452,7500,0.0
2021-10-19 10:54:00,0.6452,0.6452,0.6452,0.6452,7300,0.0
2021-10-19 10:55:00,0.6452,0.647,0.6452,0.647,13125,0.0
2021-10-19 10:56:00,0.6473,0.648,0.6473,0.648,1917,0.0
2021-10-19 10:58:00,0.6454,0.6473,0.6454,0.6473,9695,0.0
2021-10-19 11:00:00,0.6459,0.6463,0.6459,0.6463,11903,0.0
2021-10-19 11:01:00,0.6464,0.6464,0.6464,0.6464,1500,0.0
2021-10-19 11:02:00,0.6464,0.6464,0.6464,0.6464,3494,0.0
2021-10-19 11:03:00,0.6464,0.6486,0.6464,0.6486,16200,0.0
2021-10-19 11:07:00,0.6461,0.6461,0.6454,0.6456,11783,0.0
2021-10-19 11:08:00,0.6457,0.6457,0.6457,0.6457,400,0.0
2021-10-19 11:09:00,0.6458,0.6475,0.6458,0.6475,11900,0.0
2021-10-19 11:11:00,0.647,0.647,0.647,0.647,3487,0.0
2021-10-19 11:12:00,0.6465,0.6465,0.6463,0.6464,4200,0.0
2021-10-19 11:14:00,0.6455,0.6457,0.6455,0.6456,6900,0.0
2021-10-19 11:15:00,0.6458,0.6461,0.6458,0.6461,12847,0.0
2021-10-19 11:16:00,0.6465,0.647,0.6465,0.647,5500,0.0
2021-10-19 11:20:00,0.6462,0.6463,0.6462,0.6463,9427,0.0
2021-10-19 11:21:00,0.6464,0.6471,0.6464,0.6471,17584,0.0
2021-10-19 11:22:00,0.6486,0.6486,0.6486,0.6486,1301,0.0
2021-10-19 11:23:00,0.6484,0.6484,0.6484,0.6484,1600,0.0
2021-10-19 11:24:00,0.6475,0.6477,0.6475,0.6477,1300,0.0
2021-10-19 11:25:00,0.6478,0.648,0.6478,0.648,7893,0.0
2021-10-19 11:26:00,0.648,0.648,0.648,0.648,1000,0.0
2021-10-19 11:27:00,0.6476,0.6476,0.6476,0.6476,4100,0.0
2021-10-19 11:29:00,0.6466,0.6466,0.6466,0.6466,300,0.0
2021-10-19 11:30:00,0.6468,0.6474,0.6468,0.647,10200,0.0
2021-10-19 11:31:00,0.6479,0.649,0.6479,0.649,12700,0.0
2021-10-19 11:33:00,0.6485,0.6498,0.6485,0.6498,7080,0.0
2021-10-19 11:35:00,0.6491,0.6491,0.6491,0.6491,200,0.0
2021-10-19 11:39:00,0.6463,0.6464,0.6463,0.6464,2100,0.0
2021-10-19 11:40:00,0.6464,0.6464,0.6464,0.6464,2000,0.0
2021-10-19 11:42:00,0.6461,0.6461,0.6461,0.6461,4500,0.0
2021-10-19 11:43:00,0.646,0.646,0.6457,0.6457,2700,0.0
2021-10-19 11:44:00,0.6452,0.6462,0.6452,0.6462,9200,0.0
2021-10-19 11:45:00,0.6462,0.6469,0.6462,0.6469,5500,0.0
2021-10-19 11:47:00,0.6454,0.6455,0.6454,0.6455,6416,0.0
2021-10-19 11:48:00,0.6456,0.6463,0.6456,0.6461,6663,0.0
2021-10-19 11:50:00,0.6454,0.6455,0.6454,0.6455,16300,0.0
2021-10-19 11:51:00,0.6458,0.6458,0.6458,0.6458,2209,0.0
2021-10-19 11:52:00,0.6458,0.6459,0.6458,0.6459,5091,0.0
2021-10-19 11:53:00,0.6461,0.6461,0.646,0.646,6400,0.0
2021-10-19 11:54:00,0.6456,0.646,0.6456,0.646,7800,0.0
2021-10-19 11:55:00,0.6462,0.6462,0.6462,0.6462,900,0.0
2021-10-19 11:58:00,0.6451,0.6453,0.6451,0.6453,4500,0.0
2021-10-19 11:59:00,0.6455,0.6458,0.6455,0.6458,3100,0.0
2021-10-19 12:00:00,0.6457,0.6457,0.6457,0.6457,3200,0.0
2021-10-19 12:03:00,0.6456,0.6465,0.6456,0.6465,10300,0.0
2021-10-19 12:04:00,0.6465,0.6469,0.6465,0.6469,2547,0.0
2021-10-19 12:06:00,0.6452,0.6452,0.6452,0.6452,3200,0.0
2021-10-19 12:09:00,0.6453,0.6453,0.6453,0.6453,1525,0.0
2021-10-19 12:10:00,0.6454,0.6467,0.6454,0.6467,17757,0.0
2021-10-19 12:13:00,0.6451,0.6454,0.6451,0.6454,2900,0.0
2021-10-19 12:14:00,0.6455,0.6457,0.6455,0.6457,10000,0.0
2021-10-19 12:16:00,0.6453,0.6456,0.6453,0.6456,7600,0.0
2021-10-19 12:17:00,0.6456,0.6466,0.6456,0.6466,8859,0.0
2021-10-19 12:19:00,0.6469,0.6477,0.6469,0.6477,6410,0.0
2021-10-19 12:20:00,0.6486,0.6486,0.6486,0.6486,2000,0.0
2021-10-19 12:21:00,0.6487,0.6487,0.6487,0.6487,2000,0.0
2021-10-19 12:22:00,0.6482,0.6482,0.6482,0.6482,1200,0.0
2021-10-19 12:23:00,0.6482,0.6483,0.6482,0.6483,3400,0.0
2021-10-19 12:27:00,0.6453,0.6457,0.6453,0.6457,5900,0.0
2021-10-19 12:28:00,0.6458,0.6459,0.6458,0.6459,7000,0.0
2021-10-19 12:29:00,0.6468,0.6468,0.6468,0.6468,1400,0.0
2021-10-19 12:30:00,0.6462,0.6462,0.6457,0.6457,1775,0.0
2021-10-19 12:32:00,0.6453,0.6459,0.6453,0.6459,10100,0.0
2021-10-19 12:33:00,0.6465,0.6465,0.6465,0.6465,100,0.0
2021-10-19 12:34:00,0.6465,0.6465,0.6465,0.6465,302,0.0
2021-10-19 12:39:00,0.6456,0.6457,0.6456,0.6457,6480,0.0
2021-10-19 12:40:00,0.6457,0.6457,0.6457,0.6457,1600,0.0
2021-10-19 12:41:00,0.6456,0.6461,0.6456,0.6461,9288,0.0
2021-10-19 12:42:00,0.6461,0.6461,0.6461,0.6461,599,0.0
2021-10-19 12:47:00,0.6451,0.6451,0.6451,0.6451,2800,0.0
2021-10-19 12:48:00,0.6451,0.6451,0.6451,0.6451,800,0.0
2021-10-19 12:49:00,0.6451,0.6451,0.6451,0.6451,1600,0.0
2021-10-19 12:53:00,0.6444,0.6448,0.6444,0.6448,5999,0.0
2021-10-19 12:57:00,0.6438,0.6438,0.6436,0.6436,5700,0.0
2021-10-19 12:58:00,0.6436,0.6436,0.6436,0.6436,5100,0.0
2021-10-19 13:07:00,0.648,0.648,0.648,0.648,200,0.0
2021-10-19 13:11:00,0.6478,0.6497,0.6478,0.6497,2000,0.0
2021-10-19 13:16:00,0.65,0.65,0.65,0.65,369,0.0
2021-10-19 13:21:00,0.6508,0.6508,0.6508,0.6508,100,0.0
2021-10-19 13:23:00,0.6504,0.6504,0.6504,0.6504,100,0.0
2021-10-19 13:24:00,0.6502,0.6503,0.6502,0.6503,300,0.0
2021-10-19 13:26:00,0.6504,0.6504,0.6504,0.6504,100,0.0
2021-10-19 13:36:00,0.654,0.6541,0.654,0.6541,200,0.0
2021-10-19 13:39:00,0.6518,0.6518,0.6518,0.6518,200,0.0
2021-10-19 13:49:00,0.652,0.6521,0.652,0.6521,300,0.0
2021-10-19 13:50:00,0.6535,0.6535,0.6535,0.6535,100,0.0
2021-10-19 14:04:00,0.651,0.651,0.651,0.651,500,0.0
2021-10-19 14:05:00,0.6507,0.6512,0.6507,0.6512,800,0.0
2021-10-19 14:13:00,0.6526,0.6526,0.6526,0.6526,200,0.0
2021-10-19 14:20:00,0.6505,0.6505,0.6505,0.6505,100,0.0
2021-10-19 14:21:00,0.6512,0.6512,0.6512,0.6512,100,0.0
2021-10-19 14:22:00,0.6512,0.6512,0.6512,0.6512,100,0.0
2021-10-19 14:24:00,0.6502,0.6502,0.6502,0.6502,100,0.0
2021-10-19 14:27:00,0.6498,0.6498,0.6498,0.6498,100,0.0
2021-10-19 14:34:00,0.6501,0.6501,0.6501,0.6501,100,0.0
2021-10-19 14:36:00,0.6518,0.6518,0.6518,0.6518,100,0.0
2021-10-19 14:37:00,0.6523,0.6523,0.6523,0.6523,100,0.0
2021-10-19 14:38:00,0.6518,0.6518,0.6518,0.6518,100,0.0
2021-10-19 14:49:00,0.6508,0.6508,0.6508,0.6508,100,0.0
2021-10-19 14:50:00,0.6508,0.6508,0.6507,0.6507,200,0.0
2021-10-19 14:55:00,0.6486,0.6486,0.6486,0.6486,100,0.0
2021-10-19 14:58:00,0.6491,0.6491,0.6491,0.6491,112,0.0
2021-10-20 08:31:00,0.6518,0.6518,0.6518,0.6518,827,0.0
2021-10-20 08:37:00,0.6504,0.6504,0.6504,0.6504,100,0.0
2021-10-20 08:44:00,0.649,0.649,0.649,0.649,700,0.0
2021-10-20 09:06:00,0.6454,0.6458,0.6454,0.6458,200,0.0
2021-10-20 09:08:00,0.646,0.6466,0.646,0.6466,800,0.0
2021-10-20 09:09:00,0.6467,0.6467,0.6467,0.6467,300,0.0
2021-10-20 09:14:00,0.6462,0.6462,0.6462,0.6462,200,0.0
2021-10-20 09:24:00,0.6485,0.6485,0.6485,0.6485,900,0.0
2021-10-20 09:25:00,0.6482,0.6482,0.6482,0.6482,200,0.0
2021-10-20 09:27:00,0.6469,0.6469,0.6469,0.6469,200,0.0
2021-10-20 09:28:00,0.6463,0.6463,0.6463,0.6463,100,0.0
2021-10-20 09:33:00,0.6475,0.6475,0.6475,0.6475,200,0.0
2021-10-20 09:34:00,0.6478,0.6478,0.6478,0.6478,200,0.0
2021-10-20 09:39:00,0.6485,0.6485,0.6485,0.6485,100,0.0
2021-10-20 09:44:00,0.6472,0.6472,0.6472,0.6472,100,0.0
2021-10-20 09:49:00,0.6486,0.6486,0.6486,0.6486,100,0.0
2021-10-20 09:57:00,0.6487,0.6488,0.6487,0.6488,300,0.0
2021-10-20 10:01:00,0.6482,0.6482,0.6482,0.6482,400,0.0
2021-10-20 10:02:00,0.6486,0.6486,0.6486,0.6486,1200,0.0
2021-10-20 10:09:00,0.6484,0.6484,0.6484,0.6484,600,0.0
2021-10-20 10:10:00,0.6488,0.6488,0.6488,0.6488,100,0.0
2021-10-20 10:12:00,0.65,0.65,0.65,0.65,1000,0.0
2021-10-20 10:13:00,0.6547,0.6547,0.6535,0.6535,700,0.0
2021-10-20 10:14:00,0.6536,0.6536,0.6525,0.6525,200,0.0
2021-10-20 10:15:00,0.652,0.652,0.652,0.652,154,0.0
2021-10-20 10:16:00,0.6526,0.6527,0.6526,0.6527,400,0.0
2021-10-20 10:26:00,0.6577,0.6577,0.6577,0.6577,100,0.0
2021-10-20 10:30:00,0.6556,0.6557,0.6556,0.6557,200,0.0
2021-10-20 10:33:00,0.6559,0.6559,0.6559,0.6559,500,0.0
2021-10-20 11:18:00,0.6566,0.6566,0.6566,0.6566,200,0.0
2021-10-20 11:26:00,0.6555,0.6555,0.6555,0.6555,1000,0.0
2021-10-20 11:27:00,0.6556,0.6556,0.6556,0.6556,100,0.0
2021-10-20 11:37:00,0.655,0.655,0.655,0.655,100,0.0
2021-10-20 11:39:00,0.6549,0.6549,0.6549,0.6549,1300,0.0
2021-10-20 11:43:00,0.6551,0.6551,0.6551,0.6551,800,0.0
2021-10-20 11:51:00,0.667,0.667,0.667,0.667,300,0.0
2021-10-20 11:53:00,0.667,0.667,0.6665,0.6665,200,0.0
2021-10-20 11:56:00,0.67,0.67,0.67,0.67,300,0.0
2021-10-20 12:00:00,0.678,0.678,0.678,0.678,156,0.0
2021-10-20 12:04:00,0.6818,0.6818,0.6818,0.6818,100,0.0
2021-10-20 12:05:00,0.681,0.681,0.681,0.681,1000,0.0
2021-10-20 12:06:00,0.6812,0.6812,0.6812,0.6812,400,0.0
2021-10-20 12:08:00,0.6804,0.6804,0.6803,0.6803,400,0.0
2021-10-20 12:09:00,0.6786,0.6786,0.6777,0.6777,380,0.0
2021-10-20 12:16:00,0.6839,0.6839,0.6839,0.6839,300,0.0
2021-10-20 12:20:00,0.6872,0.6872,0.6872,0.6872,100,0.0
2021-10-20 12:21:00,0.6866,0.6866,0.6866,0.6866,100,0.0
2021-10-20 12:22:00,0.6871,0.6877,0.6871,0.6877,200,0.0
2021-10-20 12:23:00,0.6879,0.6879,0.6868,0.6868,4200,0.0
2021-10-20 12:24:00,0.6869,0.6869,0.6869,0.6869,300,0.0
2021-10-20 12:25:00,0.6894,0.6894,0.6894,0.6894,100,0.0
2021-10-20 12:26:00,0.6891,0.6895,0.689,0.6895,677,0.0
2021-10-20 12:29:00,0.6948,0.6948,0.6948,0.6948,1000,0.0
2021-10-20 12:30:00,0.6938,0.6938,0.6938,0.6938,100,0.0
2021-10-20 12:33:00,0.6952,0.6971,0.6952,0.6971,1100,0.0
2021-10-20 12:34:00,0.6967,0.6967,0.6967,0.6967,400,0.0
2021-10-20 12:35:00,0.6985,0.6985,0.6985,0.6985,800,0.0
2021-10-20 12:37:00,0.6973,0.6973,0.6973,0.6973,146,0.0
2021-10-20 12:43:00,0.695,0.695,0.695,0.695,150,0.0
2021-10-20 12:44:00,0.6909,0.6909,0.6902,0.6902,600,0.0
2021-10-20 12:45:00,0.6938,0.6948,0.6938,0.6948,1500,0.0
2021-10-20 12:53:00,0.6911,0.6911,0.6911,0.6911,1000,0.0
2021-10-20 12:55:00,0.694,0.694,0.694,0.694,500,0.0
2021-10-20 12:58:00,0.6913,0.6913,0.6913,0.6913,100,0.0
2021-10-20 13:00:00,0.69,0.69,0.69,0.69,1900,0.0
2021-10-20 13:01:00,0.6891,0.6891,0.6859,0.6859,2745,0.0
2021-10-20 13:15:00,0.6924,0.695,0.6924,0.695,1200,0.0
2021-10-20 13:16:00,0.6949,0.6949,0.6949,0.6949,100,0.0
2021-10-20 13:20:00,0.6931,0.6931,0.6931,0.6931,100,0.0
2021-10-20 13:21:00,0.6947,0.6947,0.6947,0.6947,1050,0.0
2021-10-20 13:25:00,0.6999,0.6999,0.6999,0.6999,508,0.0
2021-10-20 13:27:00,0.699,0.699,0.699,0.699,600,0.0
2021-10-20 13:29:00,0.696,0.696,0.696,0.696,187,0.0
2021-10-20 13:31:00,0.6984,0.6984,0.6984,0.6984,390,0.0
2021-10-20 13:32:00,0.6922,0.6922,0.6922,0.6922,600,0.0
2021-10-20 13:56:00,0.7,0.7,0.6983,0.6983,2051,0.0
2021-10-20 13:59:00,0.6977,0.6977,0.6977,0.6977,100,0.0
2021-10-20 14:01:00,0.6981,0.6981,0.6981,0.6981,400,0.0
2021-10-20 14:03:00,0.6999,0.6999,0.6989,0.6997,2269,0.0
2021-10-20 14:04:00,0.6999,0.6999,0.6999,0.6999,100,0.0
2021-10-20 14:05:00,0.6998,0.6998,0.6998,0.6998,198,0.0
2021-10-20 14:07:00,0.699,0.699,0.699,0.699,200,0.0
2021-10-20 14:15:00,0.7024,0.7024,0.7024,0.7024,100,0.0
2021-10-20 14:24:00,0.6997,0.6997,0.6996,0.6996,200,0.0
2021-10-20 14:25:00,0.6986,0.6986,0.6985,0.6985,200,0.0
2021-10-20 14:26:00,0.6954,0.6954,0.6954,0.6954,100,0.0
2021-10-20 14:27:00,0.699,0.699,0.6987,0.6987,500,0.0
2021-10-20 14:28:00,0.6974,0.6989,0.6973,0.6989,300,0.0
2021-10-20 14:34:00,0.6927,0.6931,0.6927,0.6931,1710,0.0
2021-10-20 14:35:00,0.6934,0.6945,0.6934,0.6945,573,0.0
2021-10-20 14:36:00,0.6923,0.6923,0.6923,0.6923,1000,0.0
2021-10-20 14:37:00,0.6943,0.6946,0.6943,0.6946,1987,0.0
2021-10-20 14:38:00,0.6951,0.6951,0.6951,0.6951,200,0.0
2021-10-20 14:42:00,0.6928,0.6928,0.6912,0.6912,3900,0.0
2021-10-20 14:43:00,0.6904,0.6926,0.69,0.6902,11000,0.0
2021-10-20 14:44:00,0.6918,0.6918,0.6901,0.6901,2300,0.0
2021-10-20 14:45:00,0.6861,0.6868,0.6861,0.6868,4000,0.0
2021-10-20 14:46:00,0.688,0.6889,0.688,0.6889,6672,0.0
2021-10-20 14:47:00,0.6868,0.6868,0.6868,0.6868,6600,0.0
2021-10-20 14:48:00,0.6875,0.6876,0.6875,0.6876,7800,0.0
2021-10-20 14:49:00,0.6906,0.6906,0.6861,0.6861,9000,0.0
2021-10-20 14:50:00,0.6886,0.6886,0.6886,0.6886,300,0.0
2021-10-20 14:51:00,0.6888,0.69,0.6888,0.69,22700,0.0
2021-10-20 14:53:00,0.69,0.69,0.69,0.69,3500,0.0
2021-10-20 14:54:00,0.6891,0.6891,0.6891,0.6891,3700,0.0
2021-10-20 14:57:00,0.6884,0.6889,0.6884,0.6889,20400,0.0
2021-10-20 14:58:00,0.6887,0.6887,0.6886,0.6886,33200,0.0
2021-10-20 14:59:00,0.6885,0.6892,0.6885,0.6892,14800,0.0
2021-10-21 08:30:00,0.677,0.677,0.677,0.677,100,0.0
2021-10-21 08:33:00,0.6764,0.6764,0.6747,0.6747,1600,0.0
2021-10-21 08:34:00,0.6768,0.6768,0.6733,0.6733,494,0.0
2021-10-21 08:57:00,0.6742,0.6742,0.6742,0.6742,100,0.0
2021-10-21 08:59:00,0.6756,0.6756,0.6756,0.6756,800,0.0
2021-10-21 09:00:00,0.677,0.677,0.677,0.677,1300,0.0
2021-10-21 09:01:00,0.6772,0.6772,0.6772,0.6772,200,0.0
2021-10-21 09:12:00,0.6685,0.6685,0.6685,0.6685,100,0.0
2021-10-21 09:13:00,0.6694,0.6694,0.6694,0.6694,100,0.0
2021-10-21 09:35:00,0.6791,0.6791,0.6791,0.6791,1500,0.0
2021-10-21 09:38:00,0.6812,0.6812,0.6812,0.6812,300,0.0
2021-10-21 09:39:00,0.6813,0.6813,0.6813,0.6813,114,0.0
2021-10-21 10:07:00,0.6809,0.6809,0.6809,0.6809,100,0.0
2021-10-21 10:09:00,0.6783,0.6783,0.6783,0.6783,100,0.0
2021-10-21 10:11:00,0.6777,0.6777,0.6777,0.6777,200,0.0
2021-10-21 10:12:00,0.6772,0.6772,0.6712,0.6712,1000,0.0
2021-10-21 10:13:00,0.6745,0.6745,0.6745,0.6745,100,0.0
2021-10-21 10:14:00,0.6748,0.6748,0.6748,0.6748,200,0.0
2021-10-21 10:17:00,0.6769,0.6769,0.6769,0.6769,100,0.0
2021-10-21 10:24:00,0.6786,0.6786,0.6786,0.6786,100,0.0
2021-10-21 10:25:00,0.6797,0.6797,0.6795,0.6795,200,0.0
2021-10-21 10:26:00,0.6794,0.6794,0.6794,0.6794,100,0.0
2021-10-21 10:29:00,0.6791,0.6791,0.6791,0.6791,502,0.0
2021-10-21 10:30:00,0.6791,0.6792,0.6791,0.6792,600,0.0
2021-10-21 10:33:00,0.681,0.681,0.681,0.681,300,0.0
2021-10-21 10:37:00,0.6797,0.68,0.6797,0.68,200,0.0
2021-10-21 10:43:00,0.6785,0.6786,0.6785,0.6786,1100,0.0
2021-10-21 10:45:00,0.6761,0.6761,0.6753,0.6753,300,0.0
2021-10-21 10:51:00,0.691,0.6913,0.691,0.6913,1140,0.0
2021-10-21 10:52:00,0.6914,0.6914,0.6914,0.6914,100,0.0
2021-10-21 10:53:00,0.6906,0.6911,0.6906,0.6911,200,0.0
2021-10-21 10:54:00,0.6883,0.6883,0.6883,0.6883,100,0.0
2021-10-21 10:55:00,0.689,0.6904,0.689,0.6904,5000,0.0
2021-10-21 10:56:00,0.6917,0.6917,0.6917,0.6917,4600,0.0
2021-10-21 10:57:00,0.6888,0.6888,0.6888,0.6888,100,0.0
2021-10-21 10:58:00,0.6861,0.6861,0.6861,0.6861,100,0.0
2021-10-21 11:01:00,0.6878,0.6878,0.6876,0.6876,300,0.0
2021-10-21 11:03:00,0.6874,0.6874,0.6874,0.6874,400,0.0
2021-10-21 11:04:00,0.6899,0.6903,0.6899,0.6903,300,0.0
2021-10-21 11:09:00,0.6904,0.6904,0.6904,0.6904,100,0.0
2021-10-21 11:12:00,0.6919,0.6919,0.6919,0.6919,100,0.0
2021-10-21 11:14:00,0.6919,0.6919,0.6919,0.6919,100,0.0
2021-10-21 11:18:00,0.6839,0.6839,0.6839,0.6839,300,0.0
2021-10-21 11:19:00,0.6847,0.6847,0.6847,0.6847,100,0.0
2021-10-21 11:21:00,0.6829,0.6831,0.6829,0.6831,200,0.0
2021-10-21 11:23:00,0.6849,0.6849,0.6849,0.6849,200,0.0
2021-10-21 11:31:00,0.6877,0.6877,0.6877,0.6877,300,0.0
2021-10-21 11:33:00,0.6875,0.6875,0.6875,0.6875,100,0.0
2021-10-21 11:36:00,0.6855,0.6855,0.6855,0.6855,100,0.0
2021-10-21 11:37:00,0.6854,0.6854,0.6854,0.6854,100,0.0
2021-10-21 11:41:00,0.6859,0.6859,0.6859,0.6859,100,0.0
2021-10-21 11:52:00,0.6823,0.6823,0.6823,0.6823,100,0.0
2021-10-21 11:55:00,0.6819,0.6819,0.6819,0.6819,100,0.0
2021-10-21 12:07:00,0.6813,0.6813,0.6813,0.6813,200,0.0
2021-10-21 12:36:00,0.6813,0.6813,0.6813,0.6813,100,0.0
2021-10-21 12:41:00,0.6799,0.6799,0.6799,0.6799,200,0.0
2021-10-21 12:42:00,0.6799,0.6799,0.6799,0.6799,200,0.0
2021-10-21 12:45:00,0.6805,0.6805,0.6805,0.6805,100,0.0
2021-10-21 12:57:00,0.687,0.6879,0.687,0.6879,500,0.0
2021-10-21 13:01:00,0.6809,0.6809,0.6809,0.6809,100,0.0
2021-10-21 13:02:00,0.6809,0.6809,0.6809,0.6809,300,0.0
2021-10-21 13:04:00,0.6792,0.6792,0.6792,0.6792,300,0.0
2021-10-21 13:09:00,0.6786,0.6786,0.6786,0.6786,100,0.0
2021-10-21 13:10:00,0.6784,0.6784,0.6784,0.6784,100,0.0
2021-10-21 13:11:00,0.6779,0.6779,0.6779,0.6779,200,0.0
2021-10-21 13:12:00,0.6782,0.6782,0.6782,0.6782,100,0.0
2021-10-21 13:26:00,0.6814,0.6814,0.6814,0.6814,300,0.0
2021-10-21 13:32:00,0.6813,0.6813,0.6813,0.6813,100,0.0
2021-10-21 13:40:00,0.6819,0.6819,0.6819,0.6819,200,0.0
2021-10-21 13:45:00,0.6814,0.6814,0.6814,0.6814,100,0.0
2021-10-21 13:47:00,0.6814,0.6814,0.6814,0.6814,200,0.0
2021-10-21 13:51:00,0.6816,0.6816,0.6816,0.6816,200,0.0
2021-10-21 13:52:00,0.6816,0.6816,0.6816,0.6816,100,0.0
2021-10-21 13:53:00,0.6806,0.6806,0.6806,0.6806,200,0.0
2021-10-21 13:54:00,0.6806,0.6806,0.6806,0.6806,100,0.0
2021-10-21 13:58:00,0.6807,0.6807,0.6807,0.6807,200,0.0
2021-10-21 14:02:00,0.6803,0.6803,0.6803,0.6803,200,0.0
2021-10-21 14:09:00,0.681,0.6814,0.681,0.6814,5400,0.0
2021-10-21 14:13:00,0.682,0.682,0.682,0.682,100,0.0
2021-10-21 14:14:00,0.6813,0.6813,0.6813,0.6813,400,0.0
2021-10-21 14:16:00,0.6811,0.6811,0.6811,0.6811,100,0.0
2021-10-21 14:17:00,0.6811,0.6811,0.6811,0.6811,200,0.0
2021-10-21 14:18:00,0.6811,0.6811,0.6811,0.6811,200,0.0
2021-10-21 14:26:00,0.6816,0.6816,0.6816,0.6816,200,0.0
2021-10-21 14:29:00,0.6822,0.6822,0.6822,0.6822,200,0.0
2021-10-21 14:30:00,0.6822,0.6822,0.6822,0.6822,400,0.0
2021-10-21 14:38:00,0.6813,0.6813,0.6813,0.6813,300,0.0
2021-10-21 14:39:00,0.681,0.6811,0.681,0.6811,1208,0.0
2021-10-21 14:43:00,0.6802,0.6802,0.6802,0.6802,100,0.0
2021-10-21 14:44:00,0.6802,0.6802,0.6795,0.6795,300,0.0
2021-10-21 14:46:00,0.6769,0.6769,0.6769,0.6769,400,0.0
2021-10-21 14:47:00,0.6766,0.6766,0.6761,0.6761,675,0.0
2021-10-21 14:48:00,0.6762,0.6762,0.6762,0.6762,296,0.0
2021-10-21 14:50:00,0.6766,0.6768,0.6766,0.6768,1617,0.0
2021-10-21 14:51:00,0.6769,0.6769,0.6769,0.6769,325,0.0
2021-10-21 14:54:00,0.6756,0.6756,0.6756,0.6756,600,0.0
2021-10-21 14:56:00,0.6759,0.6759,0.6759,0.6759,100,0.0
2021-10-21 14:57:00,0.6759,0.6759,0.6759,0.6759,200,0.0
2021-10-21 14:59:00,0.6754,0.676,0.6754,0.676,300,0.0
2021-10-22 08:34:00,0.6787,0.6787,0.6787,0.6787,400,0.0
2021-10-22 08:36:00,0.6809,0.6849,0.6809,0.6849,1000,0.0
2021-10-22 08:38:00,0.6883,0.6885,0.6878,0.6885,600,0.0
2021-10-22 08:39:00,0.6895,0.693,0.6895,0.693,300,0.0
2021-10-22 08:42:00,0.6921,0.6921,0.6921,0.6921,1000,0.0
2021-10-22 08:45:00,0.6915,0.6917,0.6912,0.6912,5707,0.0
2021-10-22 08:46:00,0.6915,0.6915,0.689,0.689,888,0.0
2021-10-22 08:47:00,0.6896,0.6904,0.6891,0.6904,350,0.0
2021-10-22 08:49:00,0.6907,0.6907,0.6906,0.6907,900,0.0
2021-10-22 08:50:00,0.6894,0.6899,0.6894,0.6899,615,0.0
2021-10-22 08:51:00,0.6899,0.6899,0.6899,0.6899,161,0.0
2021-10-22 08:52:00,0.6956,0.6956,0.6956,0.6956,100,0.0
2021-10-22 08:53:00,0.6973,0.6973,0.6973,0.6973,300,0.0
2021-10-22 08:54:00,0.6961,0.6961,0.6961,0.6961,1021,0.0
2021-10-22 08:55:00,0.6961,0.6969,0.6961,0.6961,400,0.0
2021-10-22 08:56:00,0.6952,0.6952,0.6948,0.6948,600,0.0
2021-10-22 08:57:00,0.693,0.693,0.6924,0.6924,501,0.0
2021-10-22 08:58:00,0.6924,0.6924,0.6924,0.6924,500,0.0
2021-10-22 08:59:00,0.6916,0.6916,0.6916,0.6916,104,0.0
2021-10-22 09:01:00,0.692,0.692,0.6915,0.6915,526,0.0
2021-10-22 09:02:00,0.6928,0.6928,0.6928,0.6928,400,0.0
2021-10-22 09:04:00,0.705,0.705,0.7029,0.704,12300,0.0
2021-10-22 09:05:00,0.7022,0.7199,0.7,0.7199,6600,0.0
2021-10-22 09:06:00,0.7199,0.7263,0.7199,0.7263,4400,0.0
2021-10-22 09:07:00,0.7225,0.7225,0.716,0.716,18205,0.0
2021-10-22 09:08:00,0.7117,0.723,0.7117,0.722,8874,0.0
2021-10-22 09:10:00,0.7301,0.7326,0.7301,0.7326,2400,0.0
2021-10-22 09:11:00,0.7332,0.7346,0.7332,0.7332,7513,0.0
2021-10-22 09:12:00,0.7262,0.7263,0.7252,0.7263,3800,0.0
2021-10-22 09:13:00,0.7212,0.7248,0.7211,0.7241,2300,0.0
2021-10-22 09:14:00,0.7262,0.7262,0.724,0.724,1100,0.0
2021-10-22 09:15:00,0.7226,0.7232,0.7202,0.7202,1600,0.0
2021-10-22 09:17:00,0.7269,0.7269,0.7269,0.7269,100,0.0
2021-10-22 09:19:00,0.7253,0.7253,0.7253,0.7253,100,0.0
2021-10-22 09:20:00,0.7284,0.7284,0.7284,0.7284,100,0.0
2021-10-22 09:25:00,0.7342,0.7342,0.7342,0.7342,1200,0.0
2021-10-22 09:26:00,0.7322,0.7322,0.7308,0.7308,17535,0.0
2021-10-22 09:27:00,0.7324,0.7324,0.7306,0.7306,13400,0.0
2021-10-22 09:28:00,0.73,0.73,0.7284,0.7289,21372,0.0
2021-10-22 09:29:00,0.7292,0.7294,0.7252,0.7252,2000,0.0
2021-10-22 09:30:00,0.7273,0.7273,0.7212,0.7212,1000,0.0
2021-10-22 09:31:00,0.7206,0.7229,0.72,0.7229,1236,0.0
2021-10-22 09:32:00,0.725,0.7252,0.725,0.7252,857,0.0
2021-10-22 09:33:00,0.7259,0.7259,0.725,0.7252,1300,0.0
2021-10-22 09:34:00,0.7251,0.7252,0.7244,0.7244,300,0.0
2021-10-22 09:35:00,0.7243,0.7243,0.7242,0.7242,206,0.0
2021-10-22 09:36:00,0.7283,0.7283,0.7283,0.7283,200,0.0
2021-10-22 09:37:00,0.7282,0.7282,0.7282,0.7282,100,0.0
2021-10-22 09:40:00,0.7336,0.7342,0.7336,0.7338,1600,0.0
2021-10-22 09:41:00,0.7343,0.7343,0.7343,0.7343,100,0.0
2021-10-22 09:44:00,0.7498,0.75,0.7483,0.7483,1750,0.0
2021-10-22 09:45:00,0.7441,0.7441,0.7427,0.7429,14400,0.0
2021-10-22 09:46:00,0.7433,0.7447,0.7431,0.7447,400,0.0
2021-10-22 09:47:00,0.7463,0.7523,0.7463,0.7522,3758,0.0
2021-10-22 09:48:00,0.7527,0.7527,0.7522,0.7522,400,0.0
2021-10-22 09:49:00,0.7521,0.7525,0.7517,0.7519,1645,0.0
2021-10-22 09:50:00,0.753,0.753,0.7511,0.7511,700,0.0
2021-10-22 09:51:00,0.7511,0.7513,0.7507,0.7507,400,0.0
2021-10-22 09:52:00,0.7475,0.7475,0.7432,0.7432,3002,0.0
2021-10-22 09:53:00,0.7445,0.7446,0.7445,0.7446,400,0.0
2021-10-22 09:54:00,0.7446,0.7446,0.7424,0.7424,228,0.0
2021-10-22 09:55:00,0.7412,0.7412,0.7371,0.7374,300,0.0
2021-10-22 09:56:00,0.7379,0.74,0.7379,0.74,1900,0.0
2021-10-22 09:57:00,0.741,0.741,0.741,0.741,100,0.0
2021-10-22 09:58:00,0.7409,0.741,0.7408,0.741,403,0.0
2021-10-22 09:59:00,0.741,0.7417,0.741,0.7417,300,0.0
2021-10-22 10:00:00,0.7416,0.7416,0.7416,0.7416,160,0.0
2021-10-22 10:01:00,0.7415,0.7415,0.7415,0.7415,100,0.0
2021-10-22 10:03:00,0.7464,0.7464,0.7462,0.7462,1200,0.0
2021-10-22 10:05:00,0.7446,0.7446,0.7444,0.7444,400,0.0
2021-10-22 10:06:00,0.7437,0.7437,0.7435,0.7435,200,0.0
2021-10-22 10:07:00,0.7419,0.7419,0.7404,0.7404,300,0.0
2021-10-22 10:08:00,0.7426,0.7426,0.7426,0.7426,2000,0.0
2021-10-22 10:09:00,0.7417,0.7421,0.7417,0.7419,350,0.0
2021-10-22 10:10:00,0.7406,0.7406,0.7402,0.7402,300,0.0
2021-10-22 10:11:00,0.7408,0.7408,0.7408,0.7408,100,0.0
2021-10-22 10:12:00,0.7429,0.7429,0.7428,0.7428,300,0.0
2021-10-22 10:13:00,0.7424,0.7424,0.7424,0.7424,100,0.0
2021-10-22 10:14:00,0.7417,0.7418,0.7409,0.7409,400,0.0
2021-10-22 10:15:00,0.7404,0.7404,0.74,0.74,708,0.0
2021-10-22 10:16:00,0.7379,0.7379,0.7356,0.7356,200,0.0
2021-10-22 10:17:00,0.7355,0.7355,0.7323,0.7323,1300,0.0
2021-10-22 10:19:00,0.732,0.7322,0.73,0.73,1000,0.0
2021-10-22 10:20:00,0.7272,0.7296,0.7272,0.7289,1600,0.0
2021-10-22 10:21:00,0.7308,0.7308,0.7308,0.7308,100,0.0
2021-10-22 10:22:00,0.7315,0.7315,0.7305,0.7305,300,0.0
2021-10-22 10:23:00,0.7296,0.7296,0.7296,0.7296,208,0.0
2021-10-22 10:24:00,0.727,0.7295,0.727,0.7295,300,0.0
2021-10-22 10:25:00,0.7301,0.7301,0.7301,0.7301,100,0.0
2021-10-22 10:26:00,0.729,0.7305,0.729,0.7302,518,0.0
2021-10-22 10:27:00,0.7311,0.7311,0.7309,0.7309,200,0.0
2021-10-22 10:28:00,0.7308,0.7316,0.7308,0.7316,200,0.0
2021-10-22 10:29:00,0.7316,0.7316,0.7314,0.7314,500,0.0
2021-10-22 10:30:00,0.7346,0.7351,0.7346,0.735,823,0.0
2021-10-22 10:31:00,0.7357,0.7357,0.7354,0.7354,490,0.0
2021-10-22 10:32:00,0.7373,0.7386,0.737,0.7386,507,0.0
2021-10-22 10:33:00,0.7375,0.7375,0.7375,0.7375,322,0.0
2021-10-22 10:34:00,0.7384,0.7384,0.7375,0.7384,500,0.0
2021-10-22 10:35:00,0.7377,0.738,0.7377,0.738,200,0.0
2021-10-22 10:36:00,0.7375,0.7375,0.7361,0.7361,200,0.0
2021-10-22 10:37:00,0.7319,0.733,0.7319,0.733,3100,0.0
2021-10-22 10:38:00,0.7349,0.7349,0.734,0.7344,403,0.0
2021-10-22 10:39:00,0.7345,0.7345,0.7345,0.7345,100,0.0
2021-10-22 10:40:00,0.7338,0.7338,0.7325,0.7325,300,0.0
2021-10-22 10:41:00,0.7324,0.7324,0.7323,0.7323,200,0.0
2021-10-22 10:42:00,0.7315,0.7315,0.7313,0.7313,205,0.0
2021-10-22 10:43:00,0.7348,0.7348,0.7339,0.7339,244,0.0
2021-10-22 10:44:00,0.7332,0.7336,0.7332,0.7336,500,0.0
2021-10-22 10:45:00,0.7325,0.7329,0.7315,0.7315,2100,0.0
2021-10-22 10:46:00,0.7301,0.7301,0.7301,0.7301,121,0.0
2021-10-22 10:47:00,0.7323,0.7325,0.7316,0.7316,1000,0.0
2021-10-22 10:48:00,0.7316,0.7316,0.7316,0.7316,103,0.0
2021-10-22 10:49:00,0.7303,0.7312,0.7301,0.7312,600,0.0
2021-10-22 10:50:00,0.7309,0.7309,0.7304,0.7304,200,0.0
2021-10-22 10:51:00,0.7282,0.7282,0.7255,0.7255,200,0.0
2021-10-22 10:52:00,0.7257,0.7257,0.7252,0.7252,200,0.0
2021-10-22 10:53:00,0.7214,0.7214,0.7207,0.7207,1400,0.0
2021-10-22 10:54:00,0.7211,0.7215,0.721,0.7215,2800,0.0
2021-10-22 10:55:00,0.7219,0.7219,0.7219,0.7219,2300,0.0
2021-10-22 10:56:00,0.7219,0.722,0.7215,0.7215,500,0.0
2021-10-22 10:57:00,0.7211,0.7215,0.7211,0.7215,800,0.0
2021-10-22 10:58:00,0.724,0.724,0.7225,0.7229,3900,0.0
2021-10-22 10:59:00,0.7232,0.7232,0.7202,0.7202,200,0.0
2021-10-22 11:00:00,0.7214,0.7214,0.7214,0.7214,100,0.0
2021-10-22 11:01:00,0.7208,0.7208,0.7202,0.7202,200,0.0
2021-10-22 11:02:00,0.7209,0.7229,0.7209,0.7229,1000,0.0
2021-10-22 11:03:00,0.7238,0.7238,0.7238,0.7238,591,0.0
2021-10-22 11:04:00,0.7239,0.73,0.7238,0.73,500,0.0
2021-10-22 11:05:00,0.73,0.73,0.73,0.73,100,0.0
2021-10-22 11:06:00,0.7328,0.7328,0.7328,0.7328,202,0.0
2021-10-22 11:07:00,0.7312,0.7312,0.7284,0.7287,1100,0.0
2021-10-22 11:10:00,0.7299,0.7301,0.7299,0.7301,1200,0.0
2021-10-22 11:11:00,0.7314,0.7314,0.7307,0.7307,200,0.0
2021-10-22 11:12:00,0.7316,0.7324,0.7316,0.7324,200,0.0
2021-10-22 11:13:00,0.7318,0.7318,0.7311,0.7311,200,0.0
2021-10-22 11:14:00,0.7314,0.7323,0.7314,0.7323,202,0.0
2021-10-22 11:15:00,0.7319,0.7319,0.73,0.73,200,0.0
2021-10-22 11:16:00,0.7298,0.7299,0.7298,0.7299,200,0.0
2021-10-22 11:18:00,0.7324,0.7324,0.7324,0.7324,100,0.0
2021-10-22 11:19:00,0.7317,0.7317,0.7317,0.7317,300,0.0
2021-10-22 11:20:00,0.728,0.728,0.7267,0.7267,200,0.0
2021-10-22 11:21:00,0.7291,0.7291,0.7291,0.7291,100,0.0
2021-10-22 11:22:00,0.7291,0.7291,0.7291,0.7291,200,0.0
2021-10-22 11:23:00,0.729,0.729,0.729,0.729,100,0.0
2021-10-22 11:24:00,0.728,0.7284,0.728,0.7284,200,0.0
2021-10-22 11:27:00,0.7283,0.7286,0.7283,0.7286,1900,0.0
2021-10-22 11:29:00,0.732,0.7323,0.732,0.7323,900,0.0
2021-10-22 11:31:00,0.7387,0.7387,0.7387,0.7387,200,0.0
2021-10-22 11:32:00,0.7399,0.7422,0.7398,0.7422,2500,0.0
2021-10-22 11:33:00,0.7421,0.7421,0.7421,0.7421,600,0.0
2021-10-22 11:34:00,0.7447,0.7447,0.7446,0.7446,202,0.0
2021-10-22 11:35:00,0.7448,0.7448,0.7439,0.7446,600,0.0
2021-10-22 11:36:00,0.7445,0.7445,0.7411,0.7411,500,0.0
2021-10-22 11:38:00,0.7446,0.7459,0.7446,0.7459,400,0.0
2021-10-22 11:39:00,0.7461,0.7461,0.745,0.745,815,0.0
2021-10-22 11:40:00,0.742,0.7431,0.742,0.7431,300,0.0
2021-10-22 11:41:00,0.7475,0.7475,0.7475,0.7475,198,0.0
2021-10-22 11:42:00,0.7479,0.7479,0.744,0.744,300,0.0
2021-10-22 11:43:00,0.7465,0.7468,0.7465,0.7468,1600,0.0
2021-10-22 11:44:00,0.7464,0.7464,0.7464,0.7464,100,0.0
2021-10-22 11:45:00,0.7423,0.7423,0.7423,0.7423,100,0.0
2021-10-22 11:46:00,0.7439,0.7444,0.7439,0.7444,205,0.0
2021-10-22 11:48:00,0.7323,0.7323,0.7323,0.7323,300,0.0
2021-10-22 11:52:00,0.7426,0.7426,0.742,0.742,1400,0.0
2021-10-22 11:55:00,0.7431,0.7431,0.7431,0.7431,100,0.0
2021-10-22 11:56:00,0.7432,0.7432,0.7432,0.7432,200,0.0
2021-10-22 11:59:00,0.7401,0.7401,0.7401,0.7401,100,0.0
2021-10-22 12:00:00,0.741,0.741,0.741,0.741,100,0.0
2021-10-22 12:08:00,0.7429,0.7429,0.7428,0.7428,301,0.0
2021-10-22 12:09:00,0.7441,0.7441,0.7441,0.7441,100,0.0
2021-10-22 12:16:00,0.7382,0.7382,0.7382,0.7382,100,0.0
2021-10-22 12:18:00,0.7387,0.7387,0.7387,0.7387,100,0.0
2021-10-22 12:19:00,0.7383,0.7383,0.7383,0.7383,200,0.0
2021-10-22 12:21:00,0.7396,0.7397,0.7396,0.7397,300,0.0
2021-10-22 12:22:00,0.7393,0.7395,0.7393,0.7395,600,0.0
2021-10-22 12:23:00,0.7396,0.7397,0.7396,0.7397,200,0.0
2021-10-22 12:24:00,0.7398,0.7398,0.7398,0.7398,103,0.0
2021-10-22 12:26:00,0.7371,0.7374,0.7371,0.7374,500,0.0
2021-10-22 12:33:00,0.7287,0.7287,0.7287,0.7287,1003,0.0
2021-10-22 12:35:00,0.7303,0.7303,0.7303,0.7303,1000,0.0
2021-10-22 12:44:00,0.7231,0.7231,0.7231,0.7231,100,0.0
2021-10-22 12:49:00,0.7255,0.7258,0.7255,0.7258,300,0.0
2021-10-22 12:53:00,0.7163,0.7163,0.7163,0.7163,200,0.0
2021-10-22 12:54:00,0.7129,0.7129,0.7128,0.7128,500,0.0
2021-10-22 12:58:00,0.7162,0.7162,0.7162,0.7162,100,0.0
2021-10-22 13:01:00,0.7173,0.7173,0.7173,0.7173,200,0.0
2021-10-22 13:02:00,0.7195,0.7195,0.7195,0.7195,100,0.0
2021-10-22 13:04:00,0.718,0.7196,0.718,0.7196,200,0.0
2021-10-22 13:06:00,0.7211,0.7211,0.7211,0.7211,102,0.0
2021-10-22 13:07:00,0.719,0.719,0.719,0.719,100,0.0
2021-10-22 13:12:00,0.7151,0.7151,0.7151,0.7151,500,0.0
2021-10-22 13:14:00,0.7145,0.7145,0.7145,0.7145,100,0.0
2021-10-22 13:15:00,0.7153,0.7153,0.7153,0.7153,300,0.0
2021-10-22 13:19:00,0.7114,0.7114,0.7114,0.7114,100,0.0
2021-10-22 13:20:00,0.7111,0.7111,0.7111,0.7111,250,0.0
2021-10-22 13:23:00,0.7104,0.7104,0.7104,0.7104,175,0.0
2021-10-22 13:24:00,0.7082,0.7083,0.7082,0.7083,9525,0.0
2021-10-22 13:25:00,0.71,0.7104,0.71,0.7104,200,0.0
2021-10-22 13:26:00,0.712,0.712,0.712,0.712,200,0.0
2021-10-22 13:27:00,0.7122,0.7122,0.7122,0.7122,100,0.0
2021-10-22 13:28:00,0.7083,0.7085,0.7083,0.7085,2700,0.0
2021-10-22 13:29:00,0.7075,0.7075,0.7075,0.7075,200,0.0
2021-10-22 13:30:00,0.7097,0.7097,0.7097,0.7097,100,0.0
2021-10-22 13:33:00,0.7081,0.7081,0.7081,0.7081,100,0.0
2021-10-22 13:37:00,0.7074,0.7074,0.7074,0.7074,200,0.0
2021-10-22 13:39:00,0.7079,0.7079,0.7079,0.7079,100,0.0
2021-10-22 13:40:00,0.708,0.708,0.708,0.708,2900,0.0
2021-10-22 13:41:00,0.7088,0.7094,0.7088,0.7094,800,0.0
2021-10-22 13:44:00,0.7088,0.7088,0.7088,0.7088,100,0.0
2021-10-22 13:45:00,0.7064,0.7064,0.7064,0.7064,500,0.0
2021-10-22 13:47:00,0.706,0.706,0.706,0.706,200,0.0
2021-10-22 13:48:00,0.7035,0.7036,0.7035,0.7036,500,0.0
2021-10-22 13:50:00,0.7052,0.7057,0.7052,0.7057,400,0.0
2021-10-22 13:53:00,0.7078,0.7078,0.7078,0.7078,100,0.0
2021-10-22 13:57:00,0.7118,0.7118,0.7118,0.7118,100,0.0
2021-10-22 13:59:00,0.709,0.709,0.709,0.709,200,0.0
2021-10-22 14:01:00,0.7082,0.7082,0.7082,0.7082,102,0.0
2021-10-22 14:02:00,0.7082,0.7082,0.7082,0.7082,108,0.0
2021-10-22 14:04:00,0.706,0.7076,0.706,0.7076,3100,0.0
2021-10-22 14:06:00,0.7087,0.7087,0.7087,0.7087,300,0.0
2021-10-22 14:08:00,0.7085,0.7085,0.7085,0.7085,100,0.0
2021-10-22 14:12:00,0.7006,0.7006,0.7003,0.7003,1300,0.0
2021-10-22 14:14:00,0.6969,0.6969,0.6969,0.6969,300,0.0
2021-10-22 14:15:00,0.699,0.699,0.699,0.699,100,0.0
2021-10-22 14:17:00,0.6967,0.6967,0.6967,0.6967,100,0.0
2021-10-22 14:19:00,0.6986,0.6986,0.6986,0.6986,100,0.0
2021-10-22 14:20:00,0.6986,0.6986,0.6986,0.6986,100,0.0
2021-10-22 14:27:00,0.6945,0.6945,0.6945,0.6945,100,0.0
2021-10-22 14:28:00,0.6946,0.6946,0.6946,0.6946,100,0.0
2021-10-22 14:29:00,0.6978,0.6978,0.6978,0.6978,100,0.0
2021-10-22 14:30:00,0.6977,0.6982,0.6977,0.6982,300,0.0
2021-10-22 14:33:00,0.6947,0.6947,0.6947,0.6947,201,0.0
2021-10-22 14:34:00,0.6941,0.6941,0.6941,0.6941,335,0.0
2021-10-22 14:36:00,0.6968,0.6976,0.6968,0.6971,753,0.0
2021-10-22 14:37:00,0.6978,0.6978,0.6978,0.6978,100,0.0
2021-10-22 14:38:00,0.6973,0.6973,0.6973,0.6973,216,0.0
2021-10-22 14:41:00,0.6923,0.6923,0.6923,0.6923,100,0.0
2021-10-22 14:43:00,0.694,0.694,0.694,0.694,100,0.0
2021-10-22 14:44:00,0.6937,0.6937,0.6937,0.6937,100,0.0
2021-10-22 14:45:00,0.6942,0.6945,0.6942,0.6945,400,0.0
2021-10-22 14:46:00,0.6957,0.6967,0.6957,0.6967,1100,0.0
2021-10-22 14:47:00,0.6967,0.697,0.6964,0.6964,4284,0.0
2021-10-22 14:48:00,0.6969,0.6969,0.6969,0.6969,200,0.0
2021-10-22 14:49:00,0.6975,0.6977,0.6975,0.6977,200,0.0
2021-10-22 14:51:00,0.6983,0.6983,0.6983,0.6983,100,0.0
2021-10-22 14:52:00,0.6979,0.698,0.694,0.694,700,0.0
2021-10-22 14:53:00,0.694,0.694,0.694,0.694,200,0.0
2021-10-22 14:55:00,0.696,0.696,0.696,0.696,1100,0.0
2021-10-22 14:56:00,0.6961,0.6961,0.6961,0.6961,200,0.0
2021-10-22 14:57:00,0.696,0.696,0.6958,0.6958,400,0.0
2021-10-22 14:58:00,0.6956,0.696,0.6955,0.696,667,0.0
2021-10-22 14:59:00,0.696,0.6961,0.6957,0.6961,500,0.0
