Date,Open,High,Low,Close,Volume,OpenInterest
2021-10-19 10:33:00,19.25,19.25,19.21,19.21,710,0.0
2021-10-19 10:36:00,19.22,19.22,19.215,19.215,265,0.0
2021-10-19 10:37:00,19.205,19.205,19.205,19.205,427,0.0
2021-10-19 10:39:00,19.215,19.215,19.215,19.215,200,0.0
2021-10-19 10:40:00,19.205,19.205,19.185,19.185,200,0.0
2021-10-19 10:41:00,19.185,19.185,19.18,19.185,320,0.0
2021-10-19 10:42:00,19.19,19.205,19.19,19.205,658,0.0
2021-10-19 10:43:00,19.195,19.205,19.195,19.205,410,0.0
2021-10-19 10:44:00,19.24,19.24,19.24,19.24,513,0.0
2021-10-19 10:45:00,19.265,19.28,19.265,19.28,726,0.0
2021-10-19 10:46:00,19.285,19.32,19.28,19.305,1466,0.0
2021-10-19 10:47:00,19.3,19.305,19.3,19.3,900,0.0
2021-10-19 10:48:00,19.305,19.305,19.305,19.305,900,0.0
2021-10-19 10:49:00,19.32,19.32,19.315,19.315,683,0.0
2021-10-19 10:50:00,19.315,19.315,19.25,19.25,1723,0.0
2021-10-19 10:51:00,19.26,19.28,19.26,19.275,2364,0.0
2021-10-19 10:52:00,19.275,19.275,19.27,19.27,700,0.0
2021-10-19 10:53:00,19.275,19.285,19.275,19.275,1539,0.0
2021-10-19 10:54:00,19.275,19.275,19.265,19.265,200,0.0
2021-10-19 10:55:00,19.265,19.3,19.265,19.3,7066,0.0
2021-10-19 10:56:00,19.295,19.305,19.285,19.305,1000,0.0
2021-10-19 10:57:00,19.305,19.305,19.305,19.305,130,0.0
2021-10-19 10:58:00,19.275,19.285,19.275,19.285,570,0.0
2021-10-19 10:59:00,19.285,19.285,19.285,19.285,1230,0.0
2021-10-19 11:00:00,19.28,19.28,19.28,19.28,104,0.0
2021-10-19 11:02:00,19.245,19.25,19.23,19.235,1249,0.0
2021-10-19 11:03:00,19.245,19.245,19.245,19.245,240,0.0
2021-10-19 11:04:00,19.255,19.255,19.255,19.255,110,0.0
2021-10-19 11:05:00,19.26,19.26,19.26,19.26,120,0.0
2021-10-19 11:07:00,19.275,19.275,19.275,19.275,228,0.0
2021-10-19 11:08:00,19.295,19.295,19.295,19.295,100,0.0
2021-10-19 11:09:00,19.285,19.285,19.285,19.285,110,0.0
2021-10-19 11:10:00,19.275,19.29,19.275,19.29,956,0.0
2021-10-19 11:11:00,19.3,19.3,19.295,19.3,1273,0.0
2021-10-19 11:12:00,19.305,19.305,19.3,19.3,549,0.0
2021-10-19 11:13:00,19.325,19.49,19.325,19.48,2866,0.0
2021-10-19 11:14:00,19.475,19.475,19.44,19.47,670,0.0
2021-10-19 11:15:00,19.465,19.465,19.465,19.465,100,0.0
2021-10-19 11:16:00,19.465,19.485,19.465,19.485,914,0.0
2021-10-19 11:17:00,19.465,19.465,19.465,19.465,304,0.0
2021-10-19 11:18:00,19.465,19.48,19.465,19.475,830,0.0
2021-10-19 11:19:00,19.49,19.52,19.485,19.485,736,0.0
2021-10-19 11:20:00,19.505,19.565,19.505,19.545,1009,0.0
2021-10-19 11:21:00,19.57,19.57,19.57,19.57,232,0.0
2021-10-19 11:22:00,19.65,19.725,19.65,19.725,1723,0.0
2021-10-19 11:23:00,19.75,19.76,19.75,19.755,2421,0.0
2021-10-19 11:24:00,19.785,19.795,19.75,19.755,1076,0.0
2021-10-19 11:25:00,19.75,19.75,19.75,19.75,100,0.0
2021-10-19 11:26:00,19.755,19.755,19.705,19.725,3303,0.0
2021-10-19 11:27:00,19.7,19.7,19.7,19.7,105,0.0
2021-10-19 11:28:00,19.67,19.67,19.66,19.66,602,0.0
2021-10-19 11:29:00,19.66,19.775,19.66,19.775,3705,0.0
2021-10-19 11:31:00,19.695,19.705,19.695,19.705,212,0.0
2021-10-19 11:34:00,19.65,19.65,19.65,19.65,126,0.0
2021-10-19 11:36:00,19.69,19.7,19.69,19.7,952,0.0
2021-10-19 11:37:00,19.665,19.665,19.665,19.665,113,0.0
2021-10-19 11:38:00,19.69,19.7,19.69,19.7,600,0.0
2021-10-19 11:39:00,19.7,19.705,19.7,19.705,526,0.0
2021-10-19 11:40:00,19.73,19.755,19.73,19.75,1422,0.0
2021-10-19 11:41:00,19.795,19.85,19.795,19.825,937,0.0
2021-10-19 11:42:00,19.815,19.815,19.815,19.815,420,0.0
2021-10-19 11:43:00,19.825,19.825,19.795,19.795,320,0.0
2021-10-19 11:44:00,19.785,19.785,19.78,19.78,251,0.0
2021-10-19 11:45:00,19.775,19.78,19.775,19.78,510,0.0
2021-10-19 11:46:00,19.775,19.815,19.775,19.815,710,0.0
2021-10-19 11:47:00,19.825,19.86,19.825,19.85,738,0.0
2021-10-19 11:48:00,19.88,19.89,19.86,19.86,907,0.0
2021-10-19 11:49:00,19.91,19.915,19.91,19.915,223,0.0
2021-10-19 11:50:00,19.92,19.92,19.915,19.92,1301,0.0
2021-10-19 11:51:00,19.885,19.885,19.885,19.885,100,0.0
2021-10-19 11:52:00,19.865,19.865,19.8,19.8,711,0.0
2021-10-19 11:53:00,19.815,19.82,19.815,19.82,211,0.0
2021-10-19 11:55:00,19.8,19.8,19.8,19.8,600,0.0
2021-10-19 11:56:00,19.755,19.76,19.755,19.755,2185,0.0
2021-10-19 11:59:00,19.71,19.71,19.71,19.71,246,0.0
2021-10-19 12:00:00,19.715,19.74,19.715,19.74,1200,0.0
2021-10-19 12:01:00,19.735,19.765,19.735,19.765,710,0.0
2021-10-19 12:02:00,19.755,19.755,19.755,19.755,110,0.0
2021-10-19 12:03:00,19.755,19.755,19.755,19.755,450,0.0
2021-10-19 12:04:00,19.715,19.715,19.715,19.715,120,0.0
2021-10-19 12:05:00,19.71,19.71,19.71,19.71,264,0.0
2021-10-19 12:09:00,19.685,19.685,19.685,19.685,700,0.0
2021-10-19 12:12:00,19.685,19.685,19.685,19.685,1150,0.0
2021-10-19 12:13:00,19.71,19.77,19.71,19.77,456,0.0
2021-10-19 12:14:00,19.82,19.82,19.82,19.82,208,0.0
2021-10-19 12:15:00,19.8,19.8,19.8,19.8,154,0.0
2021-10-19 12:16:00,19.8,19.8,19.8,19.8,700,0.0
2021-10-19 12:17:00,19.775,19.775,19.775,19.775,156,0.0
2021-10-19 12:18:00,19.78,19.78,19.78,19.78,200,0.0
2021-10-19 12:19:00,19.765,19.77,19.765,19.77,529,0.0
2021-10-19 12:20:00,19.76,19.76,19.76,19.76,533,0.0
2021-10-19 12:21:00,19.755,19.76,19.75,19.76,1156,0.0
2021-10-19 12:22:00,19.755,19.78,19.755,19.755,980,0.0
2021-10-19 12:23:00,19.75,19.75,19.75,19.75,200,0.0
2021-10-19 12:24:00,19.75,19.76,19.75,19.76,546,0.0
2021-10-19 12:25:00,19.75,19.75,19.75,19.75,100,0.0
2021-10-19 12:26:00,19.755,19.755,19.755,19.755,200,0.0
2021-10-19 12:27:00,19.755,19.755,19.755,19.755,300,0.0
2021-10-19 12:28:00,19.755,19.755,19.755,19.755,200,0.0
2021-10-19 12:29:00,19.755,19.76,19.755,19.755,1300,0.0
2021-10-19 12:30:00,19.75,19.755,19.75,19.755,444,0.0
2021-10-19 12:31:00,19.75,19.75,19.75,19.75,220,0.0
2021-10-19 12:32:00,19.75,19.75,19.745,19.745,200,0.0
2021-10-19 12:34:00,19.715,19.715,19.715,19.715,100,0.0
2021-10-19 12:35:00,19.715,19.715,19.715,19.715,200,0.0
2021-10-19 12:36:00,19.715,19.715,19.715,19.715,100,0.0
2021-10-19 12:37:00,19.715,19.765,19.715,19.765,1383,0.0
2021-10-19 12:38:00,19.82,19.825,19.82,19.825,1165,0.0
2021-10-19 12:41:00,19.825,19.825,19.825,19.825,210,0.0
2021-10-19 12:42:00,19.825,19.825,19.82,19.82,920,0.0
2021-10-19 12:43:00,19.795,19.795,19.765,19.765,300,0.0
2021-10-19 12:44:00,19.765,19.775,19.765,19.765,400,0.0
2021-10-19 12:46:00,19.755,19.76,19.715,19.735,1479,0.0
2021-10-19 12:47:00,19.71,19.73,19.71,19.73,852,0.0
2021-10-19 12:48:00,19.68,19.68,19.675,19.675,303,0.0
2021-10-19 12:49:00,19.685,19.685,19.685,19.685,111,0.0
2021-10-19 12:50:00,19.675,19.69,19.675,19.69,808,0.0
2021-10-19 12:52:00,19.68,19.68,19.68,19.68,134,0.0
2021-10-19 12:53:00,19.665,19.665,19.665,19.665,410,0.0
2021-10-19 12:54:00,19.665,19.665,19.66,19.66,401,0.0
2021-10-19 12:55:00,19.67,19.675,19.665,19.675,674,0.0
2021-10-19 12:57:00,19.665,19.665,19.665,19.665,110,0.0
2021-10-19 13:01:00,19.71,19.71,19.71,19.71,130,0.0
2021-10-19 13:02:00,19.675,19.675,19.675,19.675,110,0.0
2021-10-19 13:03:00,19.685,19.685,19.685,19.685,101,0.0
2021-10-19 13:07:00,19.675,19.675,19.675,19.675,200,0.0
2021-10-19 13:08:00,19.665,19.665,19.665,19.665,228,0.0
2021-10-19 13:09:00,19.655,19.655,19.655,19.655,112,0.0
2021-10-19 13:10:00,19.605,19.615,19.605,19.615,898,0.0
2021-10-19 13:12:00,19.58,19.58,19.55,19.55,1024,0.0
2021-10-19 13:13:00,19.56,19.56,19.56,19.56,323,0.0
2021-10-19 13:14:00,19.555,19.555,19.555,19.555,110,0.0
2021-10-19 13:15:00,19.53,19.53,19.53,19.53,571,0.0
2021-10-19 13:16:00,19.52,19.52,19.52,19.52,400,0.0
2021-10-19 13:17:00,19.525,19.525,19.525,19.525,101,0.0
2021-10-19 13:18:00,19.515,19.515,19.51,19.51,200,0.0
2021-10-19 13:19:00,19.515,19.515,19.48,19.5,1930,0.0
2021-10-19 13:20:00,19.5,19.5,19.5,19.5,105,0.0
2021-10-19 13:21:00,19.51,19.545,19.51,19.54,944,0.0
2021-10-19 13:22:00,19.56,19.575,19.56,19.575,700,0.0
2021-10-19 13:23:00,19.57,19.57,19.57,19.57,528,0.0
2021-10-19 13:25:00,19.595,19.595,19.595,19.595,210,0.0
2021-10-19 13:26:00,19.54,19.54,19.54,19.54,100,0.0
2021-10-19 13:27:00,19.54,19.63,19.54,19.63,846,0.0
2021-10-19 13:29:00,19.645,19.645,19.645,19.645,296,0.0
2021-10-19 13:30:00,19.625,19.625,19.625,19.625,110,0.0
2021-10-19 13:31:00,19.625,19.625,19.625,19.625,250,0.0
2021-10-19 13:32:00,19.635,19.655,19.635,19.655,923,0.0
2021-10-19 13:33:00,19.665,19.69,19.665,19.69,312,0.0
2021-10-19 13:36:00,19.68,19.695,19.68,19.695,634,0.0
2021-10-19 13:37:00,19.67,19.67,19.67,19.67,128,0.0
2021-10-19 13:38:00,19.71,19.71,19.71,19.71,147,0.0
2021-10-19 13:41:00,19.695,19.695,19.695,19.695,110,0.0
2021-10-19 13:42:00,19.67,19.67,19.67,19.67,120,0.0
2021-10-19 13:45:00,19.625,19.625,19.625,19.625,218,0.0
2021-10-19 13:47:00,19.66,19.66,19.66,19.66,140,0.0
2021-10-19 13:49:00,19.675,19.675,19.675,19.675,100,0.0
2021-10-19 13:51:00,19.7,19.705,19.7,19.705,714,0.0
2021-10-19 13:52:00,19.695,19.695,19.695,19.695,100,0.0
2021-10-19 13:54:00,19.66,19.66,19.66,19.66,500,0.0
2021-10-19 13:55:00,19.64,19.64,19.64,19.64,525,0.0
2021-10-19 13:56:00,19.635,19.64,19.635,19.64,900,0.0
2021-10-19 13:58:00,19.635,19.645,19.635,19.645,700,0.0
2021-10-19 13:59:00,19.65,19.71,19.65,19.71,561,0.0
2021-10-19 14:00:00,19.705,19.705,19.705,19.705,250,0.0
2021-10-19 14:01:00,19.695,19.695,19.695,19.695,300,0.0
2021-10-19 14:02:00,19.655,19.655,19.655,19.655,100,0.0
2021-10-19 14:04:00,19.67,19.67,19.665,19.665,400,0.0
2021-10-19 14:06:00,19.655,19.655,19.655,19.655,205,0.0
2021-10-19 14:07:00,19.65,19.655,19.65,19.655,200,0.0
2021-10-19 14:09:00,19.64,19.64,19.64,19.64,203,0.0
2021-10-19 14:10:00,19.615,19.615,19.61,19.61,300,0.0
2021-10-19 14:11:00,19.61,19.61,19.61,19.61,200,0.0
2021-10-19 14:12:00,19.615,19.62,19.615,19.62,2737,0.0
2021-10-19 14:15:00,19.555,19.56,19.55,19.56,700,0.0
2021-10-19 14:16:00,19.555,19.585,19.555,19.585,1614,0.0
2021-10-19 14:17:00,19.59,19.59,19.56,19.56,357,0.0
2021-10-19 14:18:00,19.565,19.57,19.565,19.57,1101,0.0
2021-10-19 14:19:00,19.59,19.615,19.59,19.6,401,0.0
2021-10-19 14:21:00,19.575,19.585,19.575,19.585,898,0.0
2021-10-19 14:22:00,19.585,19.585,19.585,19.585,100,0.0
2021-10-19 14:23:00,19.575,19.58,19.575,19.58,301,0.0
2021-10-19 14:24:00,19.6,19.605,19.6,19.605,426,0.0
2021-10-19 14:25:00,19.635,19.635,19.6,19.605,1843,0.0
2021-10-19 14:26:00,19.58,19.59,19.55,19.55,800,0.0
2021-10-19 14:27:00,19.55,19.585,19.55,19.585,1020,0.0
2021-10-19 14:28:00,19.58,19.58,19.555,19.555,1100,0.0
2021-10-19 14:29:00,19.56,19.58,19.56,19.575,1602,0.0
2021-10-19 14:30:00,19.565,19.58,19.565,19.565,719,0.0
2021-10-19 14:31:00,19.565,19.57,19.56,19.56,1052,0.0
2021-10-19 14:32:00,19.565,19.59,19.565,19.59,983,0.0
2021-10-19 14:33:00,19.585,19.585,19.585,19.585,301,0.0
2021-10-19 14:34:00,19.58,19.58,19.535,19.55,2837,0.0
2021-10-19 14:35:00,19.545,19.545,19.54,19.54,708,0.0
2021-10-19 14:36:00,19.55,19.55,19.54,19.54,929,0.0
2021-10-19 14:37:00,19.54,19.575,19.54,19.565,1352,0.0
2021-10-19 14:38:00,19.57,19.57,19.57,19.57,100,0.0
2021-10-19 14:39:00,19.58,19.59,19.575,19.585,875,0.0
2021-10-19 14:40:00,19.59,19.595,19.58,19.58,1508,0.0
2021-10-19 14:41:00,19.59,19.605,19.59,19.605,541,0.0
2021-10-19 14:42:00,19.605,19.66,19.605,19.66,3295,0.0
2021-10-19 14:43:00,19.66,19.66,19.655,19.66,1122,0.0
2021-10-19 14:45:00,19.64,19.64,19.64,19.64,905,0.0
2021-10-19 14:46:00,19.675,19.685,19.675,19.685,567,0.0
2021-10-19 14:47:00,19.675,19.675,19.655,19.66,538,0.0
2021-10-19 14:49:00,19.64,19.645,19.64,19.645,355,0.0
2021-10-19 14:50:00,19.66,19.67,19.65,19.67,1600,0.0
2021-10-19 14:51:00,19.685,19.7,19.655,19.66,3094,0.0
2021-10-19 14:52:00,19.655,19.68,19.655,19.68,1221,0.0
2021-10-19 14:53:00,19.68,19.715,19.68,19.7,1934,0.0
2021-10-19 14:54:00,19.685,19.69,19.675,19.68,1487,0.0
2021-10-19 14:55:00,19.67,19.67,19.65,19.65,700,0.0
2021-10-19 14:56:00,19.625,19.7,19.625,19.635,7755,0.0
2021-10-19 14:57:00,19.635,19.695,19.635,19.695,3287,0.0
2021-10-19 14:58:00,19.695,19.71,19.685,19.685,2866,0.0
2021-10-19 14:59:00,19.685,19.73,19.685,19.73,4969,0.0
2021-10-20 08:30:00,19.49,19.56,19.48,19.48,2324,0.0
2021-10-20 08:31:00,19.44,19.5,19.43,19.48,934,0.0
2021-10-20 08:32:00,19.61,19.81,19.61,19.76,2524,0.0
2021-10-20 08:33:00,19.75,19.81,19.75,19.8,1500,0.0
2021-10-20 08:34:00,19.81,19.82,19.78,19.78,660,0.0
2021-10-20 08:35:00,19.78,19.8,19.75,19.77,500,0.0
2021-10-20 08:36:00,19.895,20,19.89,19.94,4381,0.0
2021-10-20 08:37:00,19.93,20.07,19.93,20.07,1377,0.0
2021-10-20 08:38:00,19.98,19.98,19.95,19.95,660,0.0
2021-10-20 08:39:00,19.85,19.9,19.83,19.86,1500,0.0
2021-10-20 08:40:00,19.82,19.87,19.82,19.825,2000,0.0
2021-10-20 08:43:00,19.685,19.715,19.685,19.705,925,0.0
2021-10-20 08:44:00,19.7,19.72,19.69,19.69,741,0.0
2021-10-20 08:45:00,19.705,19.715,19.65,19.65,2133,0.0
2021-10-20 08:46:00,19.71,19.71,19.68,19.68,800,0.0
2021-10-20 08:47:00,19.655,19.655,19.655,19.655,100,0.0
2021-10-20 08:48:00,19.56,19.56,19.56,19.56,182,0.0
2021-10-20 08:50:00,19.57,19.6,19.57,19.6,1389,0.0
2021-10-20 08:51:00,19.585,19.585,19.52,19.52,1431,0.0
2021-10-20 08:52:00,19.52,19.54,19.52,19.54,668,0.0
2021-10-20 08:53:00,19.525,19.525,19.45,19.505,1256,0.0
2021-10-20 08:54:00,19.51,19.51,19.51,19.51,299,0.0
2021-10-20 08:55:00,19.55,19.56,19.535,19.535,860,0.0
2021-10-20 08:56:00,19.54,19.595,19.54,19.595,503,0.0
2021-10-20 08:57:00,19.545,19.545,19.545,19.545,172,0.0
2021-10-20 08:58:00,19.55,19.57,19.55,19.57,200,0.0
2021-10-20 08:59:00,19.555,19.555,19.55,19.55,354,0.0
2021-10-20 09:00:00,19.5,19.5,19.49,19.49,302,0.0
2021-10-20 09:01:00,19.485,19.485,19.485,19.485,500,0.0
2021-10-20 09:02:00,19.49,19.515,19.49,19.5,1714,0.0
2021-10-20 09:03:00,19.5,19.5,19.5,19.5,100,0.0
2021-10-20 09:04:00,19.485,19.485,19.485,19.485,584,0.0
2021-10-20 09:05:00,19.4,19.43,19.38,19.38,4342,0.0
2021-10-20 09:06:00,19.39,19.4,19.39,19.4,1027,0.0
2021-10-20 09:07:00,19.36,19.36,19.33,19.33,976,0.0
2021-10-20 09:08:00,19.37,19.4,19.365,19.4,1599,0.0
2021-10-20 09:09:00,19.4,19.42,19.365,19.365,609,0.0
2021-10-20 09:10:00,19.33,19.36,19.33,19.36,290,0.0
2021-10-20 09:11:00,19.37,19.37,19.335,19.335,1528,0.0
2021-10-20 09:12:00,19.33,19.33,19.315,19.325,1301,0.0
2021-10-20 09:13:00,19.335,19.335,19.31,19.31,2359,0.0
2021-10-20 09:14:00,19.285,19.31,19.285,19.305,454,0.0
2021-10-20 09:15:00,19.285,19.3,19.285,19.3,618,0.0
2021-10-20 09:16:00,19.295,19.31,19.295,19.31,615,0.0
2021-10-20 09:17:00,19.305,19.34,19.29,19.3,1100,0.0
2021-10-20 09:18:00,19.3,19.3,19.3,19.3,100,0.0
2021-10-20 09:19:00,19.34,19.35,19.315,19.315,1042,0.0
2021-10-20 09:20:00,19.325,19.36,19.325,19.36,1172,0.0
2021-10-20 09:21:00,19.345,19.345,19.325,19.325,400,0.0
2021-10-20 09:22:00,19.315,19.315,19.305,19.315,1004,0.0
2021-10-20 09:23:00,19.305,19.315,19.305,19.315,1812,0.0
2021-10-20 09:24:00,19.315,19.34,19.315,19.335,700,0.0
2021-10-20 09:25:00,19.305,19.305,19.265,19.265,1698,0.0
2021-10-20 09:26:00,19.265,19.265,19.25,19.255,2887,0.0
2021-10-20 09:27:00,19.225,19.225,19.22,19.22,451,0.0
2021-10-20 09:28:00,19.3,19.3,19.3,19.3,412,0.0
2021-10-20 09:30:00,19.29,19.305,19.28,19.305,3078,0.0
2021-10-20 09:31:00,19.305,19.315,19.305,19.305,500,0.0
2021-10-20 09:34:00,19.305,19.305,19.305,19.305,100,0.0
2021-10-20 09:35:00,19.295,19.3,19.29,19.3,1151,0.0
2021-10-20 09:36:00,19.28,19.28,19.255,19.26,1202,0.0
2021-10-20 09:37:00,19.29,19.29,19.29,19.29,100,0.0
2021-10-20 09:40:00,19.3,19.32,19.3,19.31,1177,0.0
2021-10-20 09:41:00,19.29,19.29,19.29,19.29,150,0.0
2021-10-20 09:42:00,19.35,19.39,19.35,19.39,1351,0.0
2021-10-20 09:43:00,19.39,19.39,19.355,19.355,820,0.0
2021-10-20 09:44:00,19.34,19.35,19.335,19.345,800,0.0
2021-10-20 09:45:00,19.37,19.37,19.37,19.37,100,0.0
2021-10-20 09:46:00,19.36,19.37,19.36,19.365,400,0.0
2021-10-20 09:47:00,19.345,19.35,19.28,19.285,1317,0.0
2021-10-20 09:48:00,19.285,19.285,19.285,19.285,210,0.0
2021-10-20 09:49:00,19.275,19.275,19.275,19.275,650,0.0
2021-10-20 09:50:00,19.285,19.305,19.285,19.305,511,0.0
2021-10-20 09:51:00,19.285,19.285,19.285,19.285,502,0.0
2021-10-20 09:52:00,19.285,19.285,19.265,19.265,454,0.0
2021-10-20 09:53:00,19.28,19.285,19.28,19.285,200,0.0
2021-10-20 09:54:00,19.34,19.34,19.325,19.325,225,0.0
2021-10-20 09:55:00,19.315,19.35,19.315,19.35,546,0.0
2021-10-20 09:56:00,19.345,19.345,19.33,19.34,1052,0.0
2021-10-20 09:57:00,19.365,19.365,19.365,19.365,150,0.0
2021-10-20 09:58:00,19.365,19.385,19.355,19.385,434,0.0
2021-10-20 09:59:00,19.395,19.4,19.395,19.4,272,0.0
2021-10-20 10:00:00,19.385,19.385,19.38,19.385,593,0.0
2021-10-20 10:01:00,19.365,19.375,19.365,19.375,516,0.0
2021-10-20 10:02:00,19.365,19.38,19.365,19.38,200,0.0
2021-10-20 10:03:00,19.375,19.385,19.375,19.385,467,0.0
2021-10-20 10:04:00,19.375,19.39,19.375,19.39,611,0.0
2021-10-20 10:05:00,19.365,19.365,19.365,19.365,100,0.0
2021-10-20 10:06:00,19.38,19.39,19.375,19.39,1086,0.0
2021-10-20 10:07:00,19.375,19.375,19.375,19.375,235,0.0
2021-10-20 10:08:00,19.375,19.375,19.365,19.365,301,0.0
2021-10-20 10:09:00,19.375,19.435,19.375,19.435,828,0.0
2021-10-20 10:10:00,19.435,19.455,19.435,19.435,1033,0.0
2021-10-20 10:11:00,19.445,19.445,19.425,19.43,414,0.0
2021-10-20 10:12:00,19.43,19.43,19.41,19.425,510,0.0
2021-10-20 10:13:00,19.425,19.45,19.425,19.45,200,0.0
2021-10-20 10:14:00,19.445,19.46,19.445,19.46,208,0.0
2021-10-20 10:15:00,19.46,19.46,19.455,19.455,528,0.0
2021-10-20 10:16:00,19.42,19.42,19.42,19.42,100,0.0
2021-10-20 10:18:00,19.43,19.43,19.425,19.425,270,0.0
2021-10-20 10:19:00,19.425,19.425,19.425,19.425,500,0.0
2021-10-20 10:21:00,19.415,19.415,19.4,19.405,800,0.0
2021-10-20 10:22:00,19.425,19.44,19.425,19.44,863,0.0
2021-10-20 10:23:00,19.48,19.49,19.47,19.47,639,0.0
2021-10-20 10:24:00,19.465,19.51,19.465,19.48,1272,0.0
2021-10-20 10:25:00,19.5,19.5,19.5,19.5,301,0.0
2021-10-20 10:26:00,19.49,19.495,19.49,19.495,413,0.0
2021-10-20 10:28:00,19.505,19.525,19.5,19.525,2160,0.0
2021-10-20 10:29:00,19.52,19.52,19.495,19.495,1215,0.0
2021-10-20 10:30:00,19.52,19.52,19.495,19.495,942,0.0
2021-10-20 10:31:00,19.48,19.54,19.48,19.54,1103,0.0
2021-10-20 10:32:00,19.555,19.565,19.555,19.565,300,0.0
2021-10-20 10:33:00,19.575,19.585,19.575,19.585,301,0.0
2021-10-20 10:34:00,19.565,19.565,19.565,19.565,500,0.0
2021-10-20 10:35:00,19.57,19.57,19.555,19.555,250,0.0
2021-10-20 10:36:00,19.57,19.57,19.555,19.555,823,0.0
2021-10-20 10:37:00,19.555,19.565,19.555,19.56,1003,0.0
2021-10-20 10:38:00,19.575,19.63,19.575,19.6,2619,0.0
2021-10-20 10:39:00,19.605,19.61,19.605,19.61,1299,0.0
2021-10-20 10:40:00,19.615,19.615,19.615,19.615,400,0.0
2021-10-20 10:41:00,19.615,19.615,19.59,19.59,540,0.0
2021-10-20 10:42:00,19.625,19.625,19.595,19.595,685,0.0
2021-10-20 10:43:00,19.58,19.595,19.58,19.595,300,0.0
2021-10-20 10:45:00,19.6,19.6,19.59,19.59,868,0.0
2021-10-20 10:46:00,19.57,19.57,19.565,19.565,501,0.0
2021-10-20 10:50:00,19.54,19.54,19.54,19.54,100,0.0
2021-10-20 10:51:00,19.53,19.53,19.53,19.53,250,0.0
2021-10-20 10:52:00,19.55,19.55,19.55,19.55,646,0.0
2021-10-20 10:53:00,19.56,19.56,19.56,19.56,100,0.0
2021-10-20 10:54:00,19.56,19.56,19.56,19.56,100,0.0
2021-10-20 10:59:00,19.63,19.63,19.63,19.63,100,0.0
2021-10-20 11:01:00,19.6,19.6,19.6,19.6,401,0.0
2021-10-20 11:02:00,19.6,19.6,19.57,19.57,1928,0.0
2021-10-20 11:03:00,19.57,19.57,19.55,19.55,352,0.0
2021-10-20 11:04:00,19.54,19.54,19.54,19.54,452,0.0
2021-10-20 11:05:00,19.545,19.545,19.54,19.54,510,0.0
2021-10-20 11:06:00,19.54,19.54,19.54,19.54,146,0.0
2021-10-20 11:09:00,19.55,19.55,19.55,19.55,111,0.0
2021-10-20 11:11:00,19.58,19.58,19.58,19.58,307,0.0
2021-10-20 11:12:00,19.55,19.57,19.55,19.57,324,0.0
2021-10-20 11:13:00,19.585,19.585,19.585,19.585,101,0.0
2021-10-20 11:14:00,19.62,19.62,19.62,19.62,100,0.0
2021-10-20 11:19:00,19.57,19.59,19.57,19.59,220,0.0
2021-10-20 11:20:00,19.555,19.555,19.555,19.555,133,0.0
2021-10-20 11:21:00,19.58,19.58,19.58,19.58,158,0.0
2021-10-20 11:22:00,19.565,19.565,19.565,19.565,100,0.0
2021-10-20 11:24:00,19.57,19.57,19.57,19.57,107,0.0
2021-10-20 11:26:00,19.555,19.555,19.55,19.55,500,0.0
2021-10-20 11:27:00,19.56,19.565,19.545,19.565,425,0.0
2021-10-20 11:28:00,19.565,19.57,19.565,19.57,725,0.0
2021-10-20 11:29:00,19.545,19.545,19.51,19.51,367,0.0
2021-10-20 11:30:00,19.49,19.49,19.47,19.47,1252,0.0
2021-10-20 11:31:00,19.495,19.495,19.495,19.495,104,0.0
2021-10-20 11:34:00,19.53,19.53,19.53,19.53,200,0.0
2021-10-20 11:36:00,19.54,19.54,19.54,19.54,212,0.0
2021-10-20 11:37:00,19.555,19.555,19.52,19.52,512,0.0
2021-10-20 11:38:00,19.555,19.57,19.555,19.57,300,0.0
2021-10-20 11:40:00,19.605,19.605,19.605,19.605,100,0.0
2021-10-20 11:41:00,19.59,19.59,19.59,19.59,411,0.0
2021-10-20 11:42:00,19.59,19.59,19.59,19.59,136,0.0
2021-10-20 11:43:00,19.62,19.62,19.605,19.605,468,0.0
2021-10-20 11:44:00,19.59,19.59,19.59,19.59,500,0.0
2021-10-20 11:46:00,19.59,19.59,19.59,19.59,600,0.0
2021-10-20 11:47:00,19.585,19.585,19.585,19.585,100,0.0
2021-10-20 11:49:00,19.605,19.605,19.605,19.605,450,0.0
2021-10-20 11:50:00,19.61,19.61,19.605,19.605,300,0.0
2021-10-20 11:51:00,19.59,19.59,19.59,19.59,100,0.0
2021-10-20 11:52:00,19.605,19.61,19.595,19.595,450,0.0
2021-10-20 11:54:00,19.58,19.58,19.58,19.58,100,0.0
2021-10-20 11:56:00,19.59,19.6,19.59,19.6,200,0.0
2021-10-20 11:59:00,19.605,19.605,19.605,19.605,227,0.0
2021-10-20 12:00:00,19.57,19.57,19.57,19.57,300,0.0
2021-10-20 12:02:00,19.565,19.565,19.565,19.565,200,0.0
2021-10-20 12:04:00,19.585,19.595,19.585,19.595,304,0.0
2021-10-20 12:05:00,19.59,19.605,19.59,19.605,306,0.0
2021-10-20 12:06:00,19.605,19.61,19.605,19.605,633,0.0
2021-10-20 12:07:00,19.6,19.61,19.595,19.61,646,0.0
2021-10-20 12:08:00,19.59,19.59,19.59,19.59,500,0.0
2021-10-20 12:09:00,19.605,19.605,19.59,19.59,246,0.0
2021-10-20 12:10:00,19.58,19.59,19.58,19.59,200,0.0
2021-10-20 12:11:00,19.6,19.63,19.6,19.63,1538,0.0
2021-10-20 12:12:00,19.61,19.61,19.61,19.61,223,0.0
2021-10-20 12:13:00,19.605,19.605,19.605,19.605,100,0.0
2021-10-20 12:14:00,19.605,19.615,19.605,19.615,761,0.0
2021-10-20 12:15:00,19.61,19.61,19.605,19.605,600,0.0
2021-10-20 12:16:00,19.615,19.635,19.615,19.615,3021,0.0
2021-10-20 12:17:00,19.625,19.625,19.625,19.625,100,0.0
2021-10-20 12:18:00,19.63,19.63,19.625,19.625,300,0.0
2021-10-20 12:19:00,19.635,19.635,19.635,19.635,909,0.0
2021-10-20 12:20:00,19.64,19.645,19.635,19.645,2740,0.0
2021-10-20 12:21:00,19.655,19.66,19.645,19.645,2550,0.0
2021-10-20 12:22:00,19.67,19.67,19.67,19.67,475,0.0
2021-10-20 12:23:00,19.645,19.65,19.645,19.645,1431,0.0
2021-10-20 12:24:00,19.645,19.645,19.61,19.61,1071,0.0
2021-10-20 12:25:00,19.63,19.63,19.63,19.63,175,0.0
2021-10-20 12:26:00,19.665,19.68,19.66,19.66,522,0.0
2021-10-20 12:28:00,19.75,19.75,19.75,19.75,100,0.0
2021-10-20 12:29:00,19.76,19.775,19.76,19.775,346,0.0
2021-10-20 12:30:00,19.78,19.78,19.78,19.78,248,0.0
2021-10-20 12:31:00,19.8,19.8,19.8,19.8,102,0.0
2021-10-20 12:32:00,19.795,19.8,19.795,19.8,694,0.0
2021-10-20 12:33:00,19.815,19.815,19.805,19.805,1377,0.0
2021-10-20 12:34:00,19.79,19.79,19.79,19.79,416,0.0
2021-10-20 12:35:00,19.79,19.79,19.79,19.79,161,0.0
2021-10-20 12:36:00,19.755,19.76,19.755,19.76,1146,0.0
2021-10-20 12:40:00,19.78,19.78,19.78,19.78,205,0.0
2021-10-20 12:44:00,19.77,19.77,19.77,19.77,396,0.0
2021-10-20 12:46:00,19.78,19.78,19.78,19.78,130,0.0
2021-10-20 12:47:00,19.785,19.785,19.785,19.785,127,0.0
2021-10-20 12:48:00,19.78,19.78,19.78,19.78,268,0.0
2021-10-20 12:49:00,19.79,19.79,19.79,19.79,292,0.0
2021-10-20 12:50:00,19.775,19.775,19.775,19.775,433,0.0
2021-10-20 12:53:00,19.79,19.79,19.79,19.79,340,0.0
2021-10-20 12:55:00,19.735,19.74,19.72,19.74,1289,0.0
2021-10-20 12:56:00,19.75,19.76,19.75,19.76,470,0.0
2021-10-20 12:57:00,19.745,19.745,19.745,19.745,160,0.0
2021-10-20 12:58:00,19.765,19.765,19.765,19.765,280,0.0
2021-10-20 12:59:00,19.8,19.8,19.8,19.8,560,0.0
2021-10-20 13:00:00,19.77,19.77,19.77,19.77,435,0.0
2021-10-20 13:01:00,19.78,19.78,19.775,19.775,536,0.0
2021-10-20 13:02:00,19.775,19.775,19.76,19.765,1112,0.0
2021-10-20 13:03:00,19.785,19.79,19.785,19.79,320,0.0
2021-10-20 13:04:00,19.79,19.8,19.79,19.8,382,0.0
2021-10-20 13:05:00,19.79,19.79,19.79,19.79,392,0.0
2021-10-20 13:06:00,19.77,19.77,19.77,19.77,375,0.0
2021-10-20 13:07:00,19.79,19.79,19.78,19.78,640,0.0
2021-10-20 13:08:00,19.76,19.765,19.75,19.75,801,0.0
2021-10-20 13:09:00,19.75,19.755,19.75,19.75,400,0.0
2021-10-20 13:10:00,19.765,19.78,19.765,19.77,750,0.0
2021-10-20 13:11:00,19.755,19.755,19.73,19.73,616,0.0
2021-10-20 13:12:00,19.74,19.76,19.74,19.76,995,0.0
2021-10-20 13:13:00,19.735,19.735,19.73,19.73,416,0.0
2021-10-20 13:14:00,19.74,19.74,19.74,19.74,316,0.0
2021-10-20 13:15:00,19.735,19.735,19.735,19.735,114,0.0
2021-10-20 13:17:00,19.79,19.79,19.785,19.785,905,0.0
2021-10-20 13:18:00,19.8,19.8,19.8,19.8,273,0.0
2021-10-20 13:19:00,19.805,19.825,19.805,19.825,920,0.0
2021-10-20 13:20:00,19.825,19.825,19.825,19.825,161,0.0
2021-10-20 13:21:00,19.805,19.825,19.805,19.82,1627,0.0
2021-10-20 13:22:00,19.83,19.83,19.83,19.83,316,0.0
2021-10-20 13:23:00,19.82,19.82,19.81,19.81,952,0.0
2021-10-20 13:24:00,19.82,19.82,19.82,19.82,580,0.0
2021-10-20 13:25:00,19.815,19.815,19.815,19.815,579,0.0
2021-10-20 13:26:00,19.8,19.805,19.8,19.805,380,0.0
2021-10-20 13:28:00,19.78,19.78,19.78,19.78,130,0.0
2021-10-20 13:30:00,19.77,19.77,19.755,19.755,464,0.0
2021-10-20 13:31:00,19.75,19.76,19.72,19.72,420,0.0
2021-10-20 13:32:00,19.725,19.725,19.7,19.705,544,0.0
2021-10-20 13:33:00,19.69,19.69,19.68,19.69,700,0.0
2021-10-20 13:34:00,19.68,19.68,19.68,19.68,301,0.0
2021-10-20 13:35:00,19.7,19.7,19.7,19.7,300,0.0
2021-10-20 13:36:00,19.705,19.705,19.7,19.7,762,0.0
2021-10-20 13:37:00,19.7,19.71,19.67,19.67,500,0.0
2021-10-20 13:38:00,19.685,19.685,19.67,19.67,1218,0.0
2021-10-20 13:39:00,19.66,19.67,19.66,19.67,1130,0.0
2021-10-20 13:41:00,19.67,19.67,19.67,19.67,317,0.0
2021-10-20 13:42:00,19.63,19.63,19.62,19.62,1046,0.0
2021-10-20 13:43:00,19.67,19.67,19.65,19.65,891,0.0
2021-10-20 13:44:00,19.67,19.67,19.67,19.67,200,0.0
2021-10-20 13:47:00,19.65,19.65,19.65,19.65,101,0.0
2021-10-20 13:48:00,19.63,19.645,19.63,19.645,800,0.0
2021-10-20 13:49:00,19.67,19.67,19.67,19.67,317,0.0
2021-10-20 13:52:00,19.65,19.65,19.65,19.65,417,0.0
2021-10-20 13:55:00,19.66,19.66,19.66,19.66,512,0.0
2021-10-20 13:56:00,19.665,19.675,19.665,19.67,1113,0.0
2021-10-20 13:58:00,19.715,19.715,19.715,19.715,200,0.0
2021-10-20 13:59:00,19.705,19.705,19.705,19.705,735,0.0
2021-10-20 14:01:00,19.725,19.725,19.725,19.725,200,0.0
2021-10-20 14:02:00,19.715,19.765,19.715,19.765,400,0.0
2021-10-20 14:05:00,19.79,19.795,19.79,19.795,750,0.0
2021-10-20 14:06:00,19.775,19.775,19.775,19.775,200,0.0
2021-10-20 14:07:00,19.775,19.785,19.775,19.785,200,0.0
2021-10-20 14:09:00,19.795,19.795,19.795,19.795,222,0.0
2021-10-20 14:10:00,19.785,19.785,19.785,19.785,500,0.0
2021-10-20 14:11:00,19.795,19.795,19.795,19.795,300,0.0
2021-10-20 14:12:00,19.795,19.825,19.795,19.825,209,0.0
2021-10-20 14:13:00,19.825,19.83,19.815,19.82,1662,0.0
2021-10-20 14:14:00,19.825,19.835,19.82,19.82,617,0.0
2021-10-20 14:15:00,19.83,19.85,19.82,19.82,1302,0.0
2021-10-20 14:16:00,19.825,19.825,19.815,19.815,442,0.0
2021-10-20 14:17:00,19.815,19.825,19.8,19.825,1020,0.0
2021-10-20 14:18:00,19.85,19.85,19.85,19.85,516,0.0
2021-10-20 14:19:00,19.835,19.835,19.825,19.825,300,0.0
2021-10-20 14:20:00,19.83,19.845,19.825,19.845,627,0.0
2021-10-20 14:21:00,19.825,19.835,19.81,19.835,1117,0.0
2021-10-20 14:22:00,19.84,19.85,19.84,19.84,1057,0.0
2021-10-20 14:23:00,19.835,19.85,19.835,19.85,702,0.0
2021-10-20 14:24:00,19.84,19.84,19.825,19.835,300,0.0
2021-10-20 14:25:00,19.83,19.84,19.83,19.835,600,0.0
2021-10-20 14:26:00,19.835,19.835,19.835,19.835,100,0.0
2021-10-20 14:27:00,19.835,19.84,19.835,19.84,308,0.0
2021-10-20 14:28:00,19.835,19.835,19.835,19.835,749,0.0
2021-10-20 14:29:00,19.845,19.845,19.835,19.835,400,0.0
2021-10-20 14:30:00,19.84,19.84,19.83,19.83,300,0.0
2021-10-20 14:31:00,19.825,19.825,19.805,19.805,600,0.0
2021-10-20 14:32:00,19.8,19.8,19.795,19.795,351,0.0
2021-10-20 14:34:00,19.795,19.795,19.785,19.785,402,0.0
2021-10-20 14:35:00,19.785,19.79,19.785,19.785,1324,0.0
2021-10-20 14:36:00,19.785,19.785,19.785,19.785,822,0.0
2021-10-20 14:37:00,19.805,19.805,19.8,19.8,867,0.0
2021-10-20 14:38:00,19.8,19.8,19.785,19.785,741,0.0
2021-10-20 14:39:00,19.785,19.79,19.77,19.77,1081,0.0
2021-10-20 14:40:00,19.765,19.765,19.74,19.74,468,0.0
2021-10-20 14:41:00,19.74,19.74,19.74,19.74,247,0.0
2021-10-20 14:43:00,19.715,19.715,19.7,19.705,1071,0.0
2021-10-20 14:45:00,19.715,19.72,19.715,19.72,362,0.0
2021-10-20 14:46:00,19.715,19.725,19.715,19.72,740,0.0
2021-10-20 14:47:00,19.705,19.715,19.705,19.715,683,0.0
2021-10-20 14:48:00,19.725,19.76,19.725,19.76,330,0.0
2021-10-20 14:49:00,19.755,19.755,19.755,19.755,255,0.0
2021-10-20 14:50:00,19.775,19.835,19.775,19.825,4156,0.0
2021-10-20 14:51:00,19.825,19.83,19.82,19.83,970,0.0
2021-10-20 14:52:00,19.84,19.84,19.84,19.84,356,0.0
2021-10-20 14:53:00,19.835,19.835,19.83,19.83,470,0.0
2021-10-20 14:54:00,19.835,19.835,19.81,19.815,1151,0.0
2021-10-20 14:55:00,19.805,19.81,19.795,19.81,1113,0.0
2021-10-20 14:56:00,19.805,19.805,19.79,19.79,669,0.0
2021-10-20 14:57:00,19.785,19.8,19.775,19.8,1768,0.0
2021-10-20 14:58:00,19.81,19.82,19.8,19.81,2129,0.0
2021-10-20 14:59:00,19.8,19.84,19.8,19.84,3054,0.0
2021-10-21 08:30:00,19.78,19.84,19.78,19.84,581,0.0
2021-10-21 08:34:00,19.72,19.75,19.72,19.75,2427,0.0
2021-10-21 08:35:00,19.755,19.76,19.745,19.745,1301,0.0
2021-10-21 08:36:00,19.76,19.77,19.73,19.73,777,0.0
2021-10-21 08:37:00,19.695,19.695,19.69,19.69,400,0.0
2021-10-21 08:38:00,19.66,19.715,19.66,19.71,1142,0.0
2021-10-21 08:39:00,19.71,19.71,19.71,19.71,101,0.0
2021-10-21 08:40:00,19.69,19.69,19.69,19.69,117,0.0
2021-10-21 08:43:00,19.85,19.85,19.85,19.85,199,0.0
2021-10-21 08:45:00,19.89,19.98,19.89,19.98,1766,0.0
2021-10-21 08:46:00,19.96,19.96,19.87,19.87,1310,0.0
2021-10-21 08:47:00,19.91,19.93,19.91,19.93,420,0.0
2021-10-21 08:48:00,19.91,19.93,19.91,19.93,684,0.0
2021-10-21 08:49:00,19.905,19.935,19.905,19.935,1028,0.0
2021-10-21 08:50:00,19.935,19.935,19.85,19.85,870,0.0
2021-10-21 08:51:00,19.915,19.915,19.915,19.915,182,0.0
2021-10-21 08:52:00,19.97,19.97,19.95,19.95,218,0.0
2021-10-21 08:54:00,19.98,19.98,19.98,19.98,407,0.0
2021-10-21 08:55:00,19.975,20.05,19.975,20.05,214,0.0
2021-10-21 08:56:00,20.07,20.08,20.07,20.08,589,0.0
2021-10-21 08:57:00,20.06,20.08,20.06,20.08,528,0.0
2021-10-21 08:58:00,20.13,20.13,20.13,20.13,497,0.0
2021-10-21 09:00:00,20.07,20.07,20.07,20.07,664,0.0
2021-10-21 09:01:00,20.06,20.06,20.06,20.06,502,0.0
2021-10-21 09:02:00,20.11,20.11,20.11,20.11,308,0.0
2021-10-21 09:03:00,20.1,20.1,20.1,20.1,258,0.0
2021-10-21 09:04:00,20.125,20.155,20.125,20.155,1351,0.0
2021-10-21 09:05:00,20.135,20.135,20.135,20.135,633,0.0
2021-10-21 09:06:00,20.135,20.15,20.135,20.15,2213,0.0
2021-10-21 09:07:00,20.145,20.22,20.145,20.22,700,0.0
2021-10-21 09:09:00,20.24,20.24,20.24,20.24,743,0.0
2021-10-21 09:10:00,20.29,20.29,20.275,20.275,809,0.0
2021-10-21 09:11:00,20.29,20.29,20.29,20.29,109,0.0
2021-10-21 09:12:00,20.28,20.31,20.28,20.31,208,0.0
2021-10-21 09:13:00,20.3,20.3,20.28,20.28,952,0.0
2021-10-21 09:14:00,20.3,20.3,20.275,20.275,1616,0.0
2021-10-21 09:15:00,20.295,20.295,20.295,20.295,408,0.0
2021-10-21 09:16:00,20.28,20.305,20.28,20.29,490,0.0
2021-10-21 09:17:00,20.33,20.36,20.33,20.36,1300,0.0
2021-10-21 09:18:00,20.38,20.38,20.38,20.38,178,0.0
2021-10-21 09:19:00,20.4,20.4,20.32,20.32,2143,0.0
2021-10-21 09:20:00,20.33,20.34,20.33,20.33,350,0.0
2021-10-21 09:22:00,20.34,20.34,20.34,20.34,502,0.0
2021-10-21 09:23:00,20.31,20.31,20.29,20.29,333,0.0
2021-10-21 09:24:00,20.315,20.365,20.315,20.365,648,0.0
2021-10-21 09:25:00,20.35,20.365,20.35,20.365,733,0.0
2021-10-21 09:26:00,20.355,20.355,20.345,20.345,434,0.0
2021-10-21 09:27:00,20.33,20.33,20.33,20.33,118,0.0
2021-10-21 09:29:00,20.395,20.445,20.395,20.44,518,0.0
2021-10-21 09:30:00,20.46,20.47,20.455,20.455,630,0.0
2021-10-21 09:31:00,20.45,20.5,20.45,20.5,1088,0.0
2021-10-21 09:32:00,20.465,20.465,20.46,20.46,214,0.0
2021-10-21 09:33:00,20.44,20.44,20.32,20.32,3382,0.0
2021-10-21 09:35:00,20.36,20.36,20.33,20.345,1169,0.0
2021-10-21 09:36:00,20.37,20.375,20.365,20.375,1037,0.0
2021-10-21 09:38:00,20.37,20.37,20.36,20.36,200,0.0
2021-10-21 09:39:00,20.37,20.37,20.37,20.37,116,0.0
2021-10-21 09:40:00,20.375,20.375,20.365,20.365,225,0.0
2021-10-21 09:41:00,20.3,20.3,20.3,20.3,592,0.0
2021-10-21 09:43:00,20.4,20.4,20.4,20.4,100,0.0
2021-10-21 09:45:00,20.43,20.49,20.43,20.49,310,0.0
2021-10-21 09:46:00,20.43,20.44,20.43,20.44,1508,0.0
2021-10-21 09:50:00,20.445,20.445,20.445,20.445,108,0.0
2021-10-21 09:51:00,20.48,20.48,20.48,20.48,144,0.0
2021-10-21 09:52:00,20.485,20.5,20.485,20.5,382,0.0
2021-10-21 09:57:00,20.47,20.47,20.44,20.44,243,0.0
2021-10-21 09:59:00,20.42,20.42,20.41,20.41,381,0.0
2021-10-21 10:00:00,20.425,20.425,20.425,20.425,192,0.0
2021-10-21 10:02:00,20.47,20.47,20.47,20.47,629,0.0
2021-10-21 10:03:00,20.45,20.45,20.43,20.43,514,0.0
2021-10-21 10:04:00,20.405,20.435,20.405,20.425,685,0.0
2021-10-21 10:05:00,20.465,20.465,20.455,20.465,712,0.0
2021-10-21 10:06:00,20.45,20.45,20.41,20.41,758,0.0
2021-10-21 10:07:00,20.44,20.44,20.435,20.435,322,0.0
2021-10-21 10:08:00,20.425,20.435,20.4,20.435,1939,0.0
2021-10-21 10:10:00,20.47,20.47,20.47,20.47,112,0.0
2021-10-21 10:11:00,20.455,20.455,20.455,20.455,108,0.0
2021-10-21 10:12:00,20.4,20.4,20.4,20.4,175,0.0
2021-10-21 10:14:00,20.41,20.41,20.35,20.36,1886,0.0
2021-10-21 10:15:00,20.38,20.38,20.34,20.34,709,0.0
2021-10-21 10:16:00,20.36,20.36,20.35,20.35,335,0.0
2021-10-21 10:18:00,20.3,20.3,20.29,20.3,526,0.0
2021-10-21 10:19:00,20.3,20.3,20.3,20.3,158,0.0
2021-10-21 10:20:00,20.28,20.28,20.28,20.28,308,0.0
2021-10-21 10:21:00,20.28,20.28,20.28,20.28,982,0.0
2021-10-21 10:23:00,20.21,20.21,20.21,20.21,204,0.0
2021-10-21 10:24:00,20.21,20.21,20.17,20.17,632,0.0
2021-10-21 10:25:00,20.22,20.22,20.22,20.22,129,0.0
2021-10-21 10:29:00,20.245,20.26,20.245,20.245,516,0.0
2021-10-21 10:30:00,20.27,20.27,20.25,20.25,926,0.0
2021-10-21 10:32:00,20.29,20.29,20.29,20.29,100,0.0
2021-10-21 10:33:00,20.29,20.29,20.27,20.27,200,0.0
2021-10-21 10:34:00,20.25,20.25,20.25,20.25,136,0.0
2021-10-21 10:35:00,20.27,20.27,20.27,20.27,169,0.0
2021-10-21 10:36:00,20.26,20.29,20.26,20.29,547,0.0
2021-10-21 10:39:00,20.32,20.32,20.32,20.32,100,0.0
2021-10-21 10:42:00,20.4,20.4,20.4,20.4,104,0.0
2021-10-21 10:43:00,20.38,20.38,20.38,20.38,233,0.0
2021-10-21 10:44:00,20.33,20.33,20.33,20.33,151,0.0
2021-10-21 10:46:00,20.355,20.36,20.355,20.36,310,0.0
2021-10-21 10:47:00,20.37,20.37,20.37,20.37,102,0.0
2021-10-21 10:48:00,20.37,20.37,20.37,20.37,139,0.0
2021-10-21 10:49:00,20.385,20.4,20.385,20.4,224,0.0
2021-10-21 10:52:00,20.42,20.42,20.42,20.42,100,0.0
2021-10-21 10:56:00,20.49,20.49,20.49,20.49,513,0.0
2021-10-21 10:57:00,20.52,20.52,20.52,20.52,120,0.0
2021-10-21 10:59:00,20.49,20.49,20.49,20.49,192,0.0
2021-10-21 11:00:00,20.485,20.505,20.485,20.505,642,0.0
2021-10-21 11:01:00,20.49,20.5,20.49,20.5,618,0.0
2021-10-21 11:02:00,20.485,20.49,20.485,20.49,300,0.0
2021-10-21 11:03:00,20.46,20.46,20.46,20.46,220,0.0
2021-10-21 11:12:00,20.51,20.51,20.51,20.51,167,0.0
2021-10-21 11:13:00,20.5,20.5,20.5,20.5,505,0.0
2021-10-21 11:14:00,20.49,20.5,20.49,20.5,847,0.0
2021-10-21 11:15:00,20.48,20.48,20.48,20.48,700,0.0
2021-10-21 11:16:00,20.43,20.44,20.43,20.44,550,0.0
2021-10-21 11:17:00,20.43,20.43,20.43,20.43,212,0.0
2021-10-21 11:18:00,20.42,20.42,20.42,20.42,417,0.0
2021-10-21 11:20:00,20.45,20.45,20.45,20.45,101,0.0
2021-10-21 11:24:00,20.5,20.5,20.5,20.5,100,0.0
2021-10-21 11:25:00,20.465,20.465,20.465,20.465,145,0.0
2021-10-21 11:26:00,20.46,20.46,20.45,20.45,285,0.0
2021-10-21 11:27:00,20.48,20.48,20.48,20.48,137,0.0
2021-10-21 11:29:00,20.475,20.475,20.475,20.475,108,0.0
2021-10-21 11:30:00,20.48,20.48,20.48,20.48,183,0.0
2021-10-21 11:31:00,20.47,20.47,20.47,20.47,200,0.0
2021-10-21 11:33:00,20.47,20.47,20.47,20.47,125,0.0
2021-10-21 11:34:00,20.47,20.47,20.47,20.47,114,0.0
2021-10-21 11:35:00,20.445,20.445,20.43,20.43,501,0.0
2021-10-21 11:36:00,20.43,20.43,20.43,20.43,311,0.0
2021-10-21 11:38:00,20.415,20.415,20.415,20.415,246,0.0
2021-10-21 11:39:00,20.42,20.42,20.42,20.42,212,0.0
2021-10-21 11:40:00,20.39,20.39,20.37,20.375,500,0.0
2021-10-21 11:41:00,20.37,20.37,20.37,20.37,300,0.0
2021-10-21 11:42:00,20.35,20.35,20.35,20.35,100,0.0
2021-10-21 11:43:00,20.34,20.34,20.34,20.34,163,0.0
2021-10-21 11:44:00,20.3,20.3,20.29,20.29,477,0.0
2021-10-21 11:53:00,20.32,20.32,20.32,20.32,334,0.0
2021-10-21 11:54:00,20.305,20.31,20.305,20.31,600,0.0
2021-10-21 11:58:00,20.33,20.33,20.33,20.33,100,0.0
2021-10-21 12:00:00,20.335,20.335,20.335,20.335,100,0.0
2021-10-21 12:03:00,20.3,20.3,20.3,20.3,400,0.0
2021-10-21 12:05:00,20.29,20.29,20.29,20.29,100,0.0
2021-10-21 12:09:00,20.25,20.25,20.23,20.23,572,0.0
2021-10-21 12:10:00,20.2,20.2,20.2,20.2,211,0.0
2021-10-21 12:11:00,20.22,20.22,20.2,20.2,300,0.0
2021-10-21 12:12:00,20.22,20.22,20.22,20.22,211,0.0
2021-10-21 12:19:00,20.12,20.12,20.12,20.12,100,0.0
2021-10-21 12:24:00,20.06,20.07,20.06,20.07,230,0.0
2021-10-21 12:30:00,20.12,20.12,20.12,20.12,510,0.0
2021-10-21 12:37:00,20.17,20.17,20.17,20.17,110,0.0
2021-10-21 12:48:00,20.11,20.11,20.11,20.11,100,0.0
2021-10-21 12:49:00,20.1,20.1,20.1,20.1,209,0.0
2021-10-21 12:51:00,20.11,20.11,20.11,20.11,100,0.0
2021-10-21 12:53:00,20.105,20.105,20.105,20.105,103,0.0
2021-10-21 12:59:00,20.145,20.145,20.145,20.145,279,0.0
2021-10-21 13:00:00,20.14,20.14,20.14,20.14,163,0.0
2021-10-21 13:03:00,20.11,20.11,20.11,20.11,202,0.0
2021-10-21 13:05:00,20.12,20.12,20.12,20.12,211,0.0
2021-10-21 13:06:00,20.13,20.13,20.13,20.13,143,0.0
2021-10-21 13:18:00,20.15,20.15,20.15,20.15,200,0.0
2021-10-21 13:19:00,20.14,20.17,20.14,20.17,605,0.0
2021-10-21 13:21:00,20.12,20.12,20.12,20.12,100,0.0
2021-10-21 13:23:00,20.055,20.055,20.055,20.055,113,0.0
2021-10-21 13:25:00,20.06,20.07,20.06,20.07,396,0.0
2021-10-21 13:33:00,20.1,20.1,20.1,20.1,200,0.0
2021-10-21 13:38:00,20.095,20.095,20.095,20.095,102,0.0
2021-10-21 13:59:00,20.125,20.125,20.125,20.125,100,0.0
2021-10-21 14:02:00,20.12,20.12,20.12,20.12,100,0.0
2021-10-21 14:06:00,20.12,20.12,20.12,20.12,198,0.0
2021-10-21 14:10:00,20.14,20.14,20.14,20.14,275,0.0
2021-10-21 14:13:00,20.13,20.13,20.13,20.13,129,0.0
2021-10-21 14:19:00,20.09,20.09,20.09,20.09,413,0.0
2021-10-21 14:20:00,20.1,20.1,20.1,20.1,114,0.0
2021-10-21 14:21:00,20.09,20.09,20.09,20.09,256,0.0
2021-10-21 14:24:00,20.12,20.12,20.12,20.12,100,0.0
2021-10-21 14:30:00,20.08,20.08,20.08,20.08,313,0.0
2021-10-21 14:31:00,20.09,20.12,20.09,20.12,302,0.0
2021-10-21 14:32:00,20.1,20.1,20.1,20.1,300,0.0
2021-10-21 14:33:00,20.11,20.11,20.11,20.11,100,0.0
2021-10-21 14:34:00,20.1,20.1,20.1,20.1,100,0.0
2021-10-21 14:36:00,20.09,20.11,20.09,20.11,650,0.0
2021-10-21 14:37:00,20.13,20.135,20.13,20.135,417,0.0
2021-10-21 14:38:00,20.135,20.145,20.135,20.145,2663,0.0
2021-10-21 14:39:00,20.13,20.135,20.13,20.135,1783,0.0
2021-10-21 14:40:00,20.135,20.135,20.135,20.135,300,0.0
2021-10-21 14:41:00,20.145,20.165,20.145,20.165,1173,0.0
2021-10-21 14:42:00,20.165,20.165,20.165,20.165,213,0.0
2021-10-21 14:43:00,20.155,20.155,20.15,20.15,400,0.0
2021-10-21 14:44:00,20.15,20.15,20.15,20.15,513,0.0
2021-10-21 14:45:00,20.15,20.16,20.15,20.16,737,0.0
2021-10-21 14:46:00,20.18,20.18,20.18,20.18,258,0.0
2021-10-21 14:47:00,20.17,20.17,20.17,20.17,200,0.0
2021-10-21 14:48:00,20.175,20.175,20.165,20.165,518,0.0
2021-10-21 14:49:00,20.17,20.17,20.15,20.15,500,0.0
2021-10-21 14:50:00,20.155,20.155,20.135,20.145,882,0.0
2021-10-21 14:51:00,20.155,20.155,20.14,20.145,877,0.0
2021-10-21 14:52:00,20.14,20.145,20.14,20.145,1632,0.0
2021-10-21 14:53:00,20.155,20.155,20.14,20.14,700,0.0
2021-10-21 14:55:00,20.16,20.165,20.16,20.165,500,0.0
2021-10-21 14:56:00,20.165,20.165,20.15,20.155,1512,0.0
2021-10-21 14:57:00,20.165,20.17,20.16,20.17,506,0.0
2021-10-21 14:58:00,20.16,20.18,20.16,20.18,2686,0.0
2021-10-21 14:59:00,20.175,20.175,20.15,20.15,1675,0.0
2021-10-22 08:32:00,20.41,20.44,20.39,20.44,330,0.0
2021-10-22 08:33:00,20.46,20.49,20.46,20.47,710,0.0
2021-10-22 08:40:00,20.5,20.655,20.5,20.655,244,0.0
2021-10-22 08:42:00,20.68,20.68,20.68,20.68,606,0.0
2021-10-22 08:43:00,20.71,20.71,20.71,20.71,831,0.0
2021-10-22 08:44:00,20.68,20.68,20.68,20.68,100,0.0
2021-10-22 08:45:00,20.68,20.69,20.68,20.69,303,0.0
2021-10-22 08:46:00,20.66,20.67,20.66,20.66,472,0.0
2021-10-22 08:47:00,20.665,20.665,20.665,20.665,221,0.0
2021-10-22 08:48:00,20.6,20.63,20.6,20.63,585,0.0
2021-10-22 08:49:00,20.62,20.62,20.62,20.62,100,0.0
2021-10-22 08:50:00,20.61,20.61,20.61,20.61,132,0.0
2021-10-22 08:51:00,20.615,20.615,20.615,20.615,132,0.0
2021-10-22 08:53:00,20.56,20.59,20.56,20.59,300,0.0
2021-10-22 08:54:00,20.57,20.575,20.57,20.575,502,0.0
2021-10-22 08:55:00,20.55,20.55,20.5,20.5,600,0.0
2021-10-22 08:56:00,20.505,20.505,20.5,20.505,350,0.0
2021-10-22 08:57:00,20.475,20.475,20.475,20.475,133,0.0
2021-10-22 08:58:00,20.52,20.52,20.46,20.46,201,0.0
2021-10-22 08:59:00,20.45,20.48,20.45,20.48,3405,0.0
2021-10-22 09:00:00,20.485,20.495,20.485,20.495,250,0.0
2021-10-22 09:01:00,20.52,20.52,20.52,20.52,101,0.0
2021-10-22 09:02:00,20.575,20.575,20.575,20.575,200,0.0
2021-10-22 09:04:00,20.53,20.53,20.53,20.53,100,0.0
2021-10-22 09:05:00,20.55,20.58,20.55,20.58,400,0.0
2021-10-22 09:08:00,20.58,20.58,20.54,20.54,201,0.0
2021-10-22 09:10:00,20.515,20.515,20.515,20.515,265,0.0
2021-10-22 09:11:00,20.55,20.605,20.55,20.605,2216,0.0
2021-10-22 09:12:00,20.64,20.64,20.64,20.64,522,0.0
2021-10-22 09:13:00,20.55,20.55,20.55,20.55,247,0.0
2021-10-22 09:17:00,20.55,20.55,20.55,20.55,207,0.0
2021-10-22 09:18:00,20.52,20.52,20.51,20.52,437,0.0
2021-10-22 09:19:00,20.505,20.52,20.505,20.515,500,0.0
2021-10-22 09:20:00,20.505,20.505,20.47,20.47,296,0.0
2021-10-22 09:21:00,20.44,20.44,20.42,20.42,626,0.0
2021-10-22 09:22:00,20.44,20.44,20.415,20.43,595,0.0
2021-10-22 09:23:00,20.43,20.43,20.41,20.41,730,0.0
2021-10-22 09:24:00,20.41,20.41,20.36,20.36,773,0.0
2021-10-22 09:25:00,20.35,20.35,20.33,20.33,861,0.0
2021-10-22 09:26:00,20.335,20.335,20.335,20.335,301,0.0
2021-10-22 09:27:00,20.305,20.305,20.305,20.305,121,0.0
2021-10-22 09:28:00,20.315,20.36,20.315,20.34,409,0.0
2021-10-22 09:29:00,20.31,20.35,20.31,20.35,792,0.0
2021-10-22 09:30:00,20.34,20.34,20.34,20.34,166,0.0
2021-10-22 09:31:00,20.375,20.375,20.375,20.375,100,0.0
2021-10-22 09:34:00,20.375,20.375,20.375,20.375,253,0.0
2021-10-22 09:35:00,20.365,20.365,20.365,20.365,210,0.0
2021-10-22 09:36:00,20.365,20.365,20.365,20.365,400,0.0
2021-10-22 09:37:00,20.37,20.39,20.355,20.39,810,0.0
2021-10-22 09:38:00,20.39,20.405,20.39,20.395,1145,0.0
2021-10-22 09:39:00,20.345,20.36,20.345,20.36,633,0.0
2021-10-22 09:40:00,20.375,20.41,20.375,20.41,400,0.0
2021-10-22 09:41:00,20.405,20.41,20.405,20.41,288,0.0
2021-10-22 09:42:00,20.415,20.415,20.405,20.405,360,0.0
2021-10-22 09:43:00,20.395,20.4,20.395,20.4,237,0.0
2021-10-22 09:44:00,20.395,20.395,20.37,20.37,200,0.0
2021-10-22 09:45:00,20.35,20.375,20.35,20.375,665,0.0
2021-10-22 09:46:00,20.335,20.335,20.32,20.32,425,0.0
2021-10-22 09:47:00,20.315,20.315,20.315,20.315,500,0.0
2021-10-22 09:48:00,20.305,20.305,20.285,20.285,811,0.0
2021-10-22 09:49:00,20.28,20.31,20.28,20.31,511,0.0
2021-10-22 09:50:00,20.3,20.3,20.295,20.295,428,0.0
2021-10-22 09:51:00,20.28,20.28,20.275,20.28,400,0.0
2021-10-22 09:52:00,20.28,20.28,20.275,20.275,1026,0.0
2021-10-22 09:53:00,20.26,20.26,20.24,20.24,360,0.0
2021-10-22 09:54:00,20.23,20.235,20.21,20.22,1571,0.0
2021-10-22 09:56:00,20.21,20.21,20.21,20.21,200,0.0
2021-10-22 09:57:00,20.215,20.22,20.21,20.22,800,0.0
2021-10-22 09:58:00,20.16,20.165,20.16,20.165,521,0.0
2021-10-22 09:59:00,20.16,20.16,20.14,20.145,881,0.0
2021-10-22 10:00:00,20.15,20.16,20.14,20.155,1658,0.0
2021-10-22 10:01:00,20.165,20.17,20.165,20.17,856,0.0
2021-10-22 10:02:00,20.185,20.185,20.15,20.15,1016,0.0
2021-10-22 10:03:00,20.14,20.145,20.12,20.12,311,0.0
2021-10-22 10:04:00,20.13,20.135,20.13,20.135,306,0.0
2021-10-22 10:05:00,20.105,20.11,20.07,20.07,826,0.0
2021-10-22 10:07:00,20.07,20.07,20.04,20.04,300,0.0
2021-10-22 10:08:00,20.05,20.05,20.05,20.05,111,0.0
2021-10-22 10:09:00,20.04,20.04,20.03,20.03,380,0.0
2021-10-22 10:10:00,20.03,20.03,20.02,20.02,400,0.0
2021-10-22 10:11:00,20.04,20.04,20.04,20.04,355,0.0
2021-10-22 10:12:00,20.06,20.06,20.06,20.06,214,0.0
2021-10-22 10:13:00,20.04,20.04,20.04,20.04,110,0.0
2021-10-22 10:14:00,20.02,20.03,20.02,20.03,907,0.0
2021-10-22 10:15:00,20.03,20.03,20.025,20.03,414,0.0
2021-10-22 10:17:00,20.02,20.02,20.02,20.02,248,0.0
2021-10-22 10:19:00,19.98,19.99,19.98,19.99,838,0.0
2021-10-22 10:20:00,19.98,20,19.98,20,775,0.0
2021-10-22 10:21:00,19.99,19.99,19.985,19.985,758,0.0
2021-10-22 10:22:00,19.99,20.02,19.99,20.02,818,0.0
2021-10-22 10:25:00,20.03,20.03,20.03,20.03,314,0.0
2021-10-22 10:26:00,19.995,19.995,19.995,19.995,101,0.0
2021-10-22 10:28:00,19.96,19.96,19.96,19.96,200,0.0
2021-10-22 10:29:00,19.945,19.945,19.945,19.945,102,0.0
2021-10-22 10:30:00,19.93,19.93,19.93,19.93,398,0.0
2021-10-22 10:31:00,19.965,19.975,19.955,19.975,316,0.0
2021-10-22 10:32:00,19.945,19.945,19.945,19.945,573,0.0
2021-10-22 10:33:00,19.925,19.925,19.9,19.905,686,0.0
2021-10-22 10:34:00,19.915,19.915,19.89,19.89,200,0.0
2021-10-22 10:35:00,19.87,19.87,19.87,19.87,109,0.0
2021-10-22 10:36:00,19.895,19.91,19.895,19.91,522,0.0
2021-10-22 10:37:00,19.9,19.9,19.9,19.9,100,0.0
2021-10-22 10:38:00,19.9,19.9,19.89,19.89,515,0.0
2021-10-22 10:39:00,19.88,19.88,19.88,19.88,200,0.0
2021-10-22 10:42:00,19.9,19.9,19.9,19.9,375,0.0
2021-10-22 10:43:00,19.94,19.94,19.93,19.93,261,0.0
2021-10-22 10:44:00,19.92,19.92,19.92,19.92,540,0.0
2021-10-22 10:45:00,19.94,19.94,19.9,19.9,503,0.0
2021-10-22 10:46:00,19.89,19.91,19.89,19.91,375,0.0
2021-10-22 10:47:00,19.905,19.905,19.905,19.905,224,0.0
2021-10-22 10:48:00,19.9,19.9,19.9,19.9,339,0.0
2021-10-22 10:49:00,19.93,19.93,19.93,19.93,150,0.0
2021-10-22 10:50:00,19.935,19.94,19.92,19.92,400,0.0
2021-10-22 10:51:00,19.92,19.92,19.92,19.92,180,0.0
2021-10-22 10:52:00,19.925,19.925,19.925,19.925,252,0.0
2021-10-22 10:53:00,19.93,19.93,19.93,19.93,100,0.0
2021-10-22 10:54:00,19.935,19.935,19.93,19.93,430,0.0
2021-10-22 10:55:00,19.92,19.92,19.92,19.92,101,0.0
2021-10-22 10:56:00,19.92,19.92,19.92,19.92,122,0.0
2021-10-22 10:57:00,19.92,19.92,19.92,19.92,100,0.0
2021-10-22 10:58:00,19.93,19.94,19.93,19.94,200,0.0
2021-10-22 10:59:00,19.95,19.95,19.95,19.95,182,0.0
2021-10-22 11:00:00,19.96,19.97,19.96,19.97,247,0.0
2021-10-22 11:02:00,19.99,20.015,19.99,20,318,0.0
2021-10-22 11:04:00,20.005,20.005,20.005,20.005,214,0.0
2021-10-22 11:05:00,19.98,19.98,19.98,19.98,202,0.0
2021-10-22 11:06:00,19.975,19.98,19.975,19.98,357,0.0
2021-10-22 11:07:00,20.01,20.01,20.005,20.005,218,0.0
2021-10-22 11:08:00,20,20,20,20,223,0.0
2021-10-22 11:09:00,20.065,20.065,20.065,20.065,110,0.0
2021-10-22 11:11:00,20.05,20.055,20.05,20.05,553,0.0
2021-10-22 11:12:00,20.06,20.06,20.06,20.06,300,0.0
2021-10-22 11:13:00,20.05,20.05,20.05,20.05,800,0.0
2021-10-22 11:14:00,20.06,20.11,20.06,20.11,470,0.0
2021-10-22 11:16:00,20.105,20.105,20.105,20.105,105,0.0
2021-10-22 11:20:00,20.075,20.08,20.075,20.08,200,0.0
2021-10-22 11:21:00,20.09,20.09,20.09,20.09,100,0.0
2021-10-22 11:22:00,20.09,20.09,20.09,20.09,147,0.0
2021-10-22 11:24:00,20.055,20.055,20.055,20.055,142,0.0
2021-10-22 11:25:00,20.065,20.065,20.065,20.065,130,0.0
2021-10-22 11:26:00,20.075,20.075,20.075,20.075,100,0.0
2021-10-22 11:28:00,20.08,20.09,20.08,20.09,200,0.0
2021-10-22 11:29:00,20.09,20.09,20.09,20.09,247,0.0
2021-10-22 11:32:00,20.11,20.11,20.11,20.11,214,0.0
2021-10-22 11:33:00,20.15,20.15,20.15,20.15,100,0.0
2021-10-22 11:34:00,20.15,20.15,20.15,20.15,200,0.0
2021-10-22 11:38:00,20.15,20.15,20.15,20.15,405,0.0
2021-10-22 11:39:00,20.15,20.15,20.15,20.15,200,0.0
2021-10-22 11:43:00,20.12,20.12,20.12,20.12,100,0.0
2021-10-22 11:44:00,20.1,20.1,20.1,20.1,285,0.0
2021-10-22 11:50:00,20.11,20.11,20.11,20.11,200,0.0
2021-10-22 11:52:00,20.15,20.15,20.14,20.14,700,0.0
2021-10-22 11:54:00,20.18,20.18,20.18,20.18,340,0.0
2021-10-22 11:55:00,20.19,20.21,20.19,20.21,212,0.0
2021-10-22 11:56:00,20.2,20.2,20.2,20.2,140,0.0
2021-10-22 11:58:00,20.235,20.235,20.23,20.23,263,0.0
2021-10-22 11:59:00,20.26,20.26,20.26,20.26,126,0.0
2021-10-22 12:00:00,20.255,20.255,20.25,20.25,200,0.0
2021-10-22 12:01:00,20.245,20.245,20.245,20.245,117,0.0
2021-10-22 12:02:00,20.26,20.26,20.26,20.26,148,0.0
2021-10-22 12:04:00,20.215,20.215,20.215,20.215,200,0.0
2021-10-22 12:06:00,20.24,20.24,20.235,20.235,200,0.0
2021-10-22 12:08:00,20.22,20.22,20.22,20.22,108,0.0
2021-10-22 12:09:00,20.23,20.23,20.23,20.23,113,0.0
2021-10-22 12:10:00,20.24,20.245,20.24,20.245,359,0.0
2021-10-22 12:18:00,20.2,20.2,20.2,20.2,300,0.0
2021-10-22 12:20:00,20.2,20.2,20.195,20.195,323,0.0
2021-10-22 12:21:00,20.175,20.175,20.17,20.17,320,0.0
2021-10-22 12:22:00,20.16,20.16,20.16,20.16,299,0.0
2021-10-22 12:26:00,20.15,20.15,20.15,20.15,120,0.0
2021-10-22 12:27:00,20.14,20.16,20.14,20.16,301,0.0
2021-10-22 12:32:00,20.19,20.19,20.19,20.19,209,0.0
2021-10-22 12:33:00,20.19,20.19,20.19,20.19,164,0.0
2021-10-22 12:34:00,20.19,20.19,20.19,20.19,100,0.0
2021-10-22 12:37:00,20.17,20.17,20.17,20.17,279,0.0
2021-10-22 12:38:00,20.15,20.15,20.15,20.15,100,0.0
2021-10-22 12:40:00,20.145,20.145,20.145,20.145,101,0.0
2021-10-22 12:41:00,20.13,20.13,20.13,20.13,200,0.0
2021-10-22 12:42:00,20.12,20.12,20.12,20.12,100,0.0
2021-10-22 12:43:00,20.1,20.105,20.1,20.105,497,0.0
2021-10-22 12:44:00,20.11,20.11,20.11,20.11,104,0.0
2021-10-22 12:45:00,20.085,20.085,20.085,20.085,123,0.0
2021-10-22 12:49:00,20.045,20.045,20.04,20.04,500,0.0
2021-10-22 12:51:00,20.035,20.035,20.03,20.03,200,0.0
2021-10-22 12:54:00,20.025,20.025,20.025,20.025,135,0.0
2021-10-22 12:55:00,20.03,20.03,20.03,20.03,148,0.0
2021-10-22 12:57:00,20.05,20.05,20.05,20.05,155,0.0
2021-10-22 13:00:00,20.095,20.095,20.07,20.07,499,0.0
2021-10-22 13:02:00,20.095,20.095,20.095,20.095,275,0.0
2021-10-22 13:07:00,20.095,20.095,20.095,20.095,100,0.0
2021-10-22 13:09:00,20.08,20.08,20.07,20.07,204,0.0
2021-10-22 13:11:00,20.05,20.05,20.05,20.05,326,0.0
2021-10-22 13:12:00,20.05,20.05,20.05,20.05,665,0.0
2021-10-22 13:13:00,20.065,20.07,20.065,20.07,800,0.0
2021-10-22 13:15:00,20.08,20.08,20.08,20.08,381,0.0
2021-10-22 13:16:00,20.09,20.095,20.09,20.095,597,0.0
2021-10-22 13:17:00,20.09,20.09,20.09,20.09,186,0.0
2021-10-22 13:18:00,20.075,20.075,20.04,20.04,434,0.0
2021-10-22 13:20:00,20.05,20.05,20.05,20.05,100,0.0
2021-10-22 13:24:00,20.03,20.03,20.03,20.03,100,0.0
2021-10-22 13:25:00,20.03,20.05,20.03,20.05,300,0.0
2021-10-22 13:26:00,20.03,20.03,20.03,20.03,149,0.0
2021-10-22 13:27:00,20.025,20.025,20.025,20.025,150,0.0
2021-10-22 13:29:00,20.02,20.02,20.02,20.02,131,0.0
2021-10-22 13:31:00,20.035,20.04,20.035,20.04,432,0.0
2021-10-22 13:32:00,20.02,20.02,20.02,20.02,100,0.0
2021-10-22 13:36:00,20.025,20.025,20.025,20.025,100,0.0
2021-10-22 13:37:00,20.035,20.035,20.035,20.035,200,0.0
2021-10-22 13:38:00,20.035,20.035,20.015,20.015,1517,0.0
2021-10-22 13:39:00,20.015,20.015,20.01,20.01,215,0.0
2021-10-22 13:40:00,20.01,20.01,20.01,20.01,352,0.0
2021-10-22 13:41:00,20.015,20.015,20.005,20.005,645,0.0
2021-10-22 13:42:00,19.99,19.99,19.99,19.99,504,0.0
2021-10-22 13:43:00,19.98,19.99,19.98,19.99,939,0.0
2021-10-22 13:44:00,19.975,19.98,19.975,19.98,615,0.0
2021-10-22 13:47:00,19.975,19.975,19.975,19.975,286,0.0
2021-10-22 13:48:00,19.98,19.98,19.98,19.98,100,0.0
2021-10-22 13:49:00,19.985,20,19.985,20,513,0.0
2021-10-22 13:52:00,20.02,20.02,20.015,20.015,300,0.0
2021-10-22 13:54:00,20.04,20.07,20.04,20.07,286,0.0
2021-10-22 13:55:00,20.09,20.09,20.09,20.09,114,0.0
2021-10-22 14:00:00,20.11,20.11,20.11,20.11,154,0.0
2021-10-22 14:01:00,20.11,20.11,20.11,20.11,311,0.0
2021-10-22 14:02:00,20.12,20.12,20.12,20.12,100,0.0
2021-10-22 14:03:00,20.13,20.13,20.13,20.13,204,0.0
2021-10-22 14:12:00,20.14,20.14,20.14,20.14,311,0.0
2021-10-22 14:13:00,20.13,20.13,20.13,20.13,300,0.0
2021-10-22 14:14:00,20.13,20.14,20.13,20.14,539,0.0
2021-10-22 14:19:00,20.145,20.15,20.145,20.15,364,0.0
2021-10-22 14:20:00,20.12,20.12,20.11,20.11,249,0.0
2021-10-22 14:21:00,20.105,20.105,20.105,20.105,100,0.0
2021-10-22 14:22:00,20.1,20.1,20.085,20.09,392,0.0
2021-10-22 14:23:00,20.09,20.09,20.085,20.085,517,0.0
2021-10-22 14:24:00,20.085,20.085,20.085,20.085,113,0.0
2021-10-22 14:26:00,20.08,20.08,20.08,20.08,104,0.0
2021-10-22 14:30:00,20.065,20.09,20.065,20.09,400,0.0
2021-10-22 14:33:00,20.15,20.15,20.15,20.15,701,0.0
2021-10-22 14:34:00,20.155,20.155,20.155,20.155,201,0.0
2021-10-22 14:35:00,20.14,20.14,20.14,20.14,230,0.0
2021-10-22 14:36:00,20.13,20.13,20.13,20.13,100,0.0
2021-10-22 14:37:00,20.11,20.11,20.11,20.11,204,0.0
2021-10-22 14:38:00,20.075,20.085,20.075,20.085,480,0.0
2021-10-22 14:39:00,20.08,20.09,20.075,20.075,1015,0.0
2021-10-22 14:40:00,20.08,20.08,20.065,20.07,1106,0.0
2021-10-22 14:41:00,20.055,20.055,20.045,20.045,537,0.0
2021-10-22 14:42:00,20.05,20.05,20.045,20.045,500,0.0
2021-10-22 14:43:00,20.035,20.035,20.035,20.035,699,0.0
2021-10-22 14:45:00,20.015,20.02,20.005,20.02,699,0.0
2021-10-22 14:46:00,20.02,20.02,20.02,20.02,116,0.0
2021-10-22 14:47:00,20.02,20.04,20.02,20.04,517,0.0
2021-10-22 14:49:00,20.045,20.045,20.045,20.045,517,0.0
2021-10-22 14:50:00,20.035,20.035,20.035,20.035,252,0.0
2021-10-22 14:51:00,20.03,20.03,20.03,20.03,334,0.0
2021-10-22 14:53:00,20.04,20.07,20.04,20.07,500,0.0
2021-10-22 14:54:00,20.07,20.07,20.07,20.07,164,0.0
2021-10-22 14:55:00,20.07,20.095,20.07,20.09,620,0.0
2021-10-22 14:56:00,20.09,20.115,20.09,20.11,800,0.0
2021-10-22 14:57:00,20.11,20.125,20.11,20.115,1619,0.0
2021-10-22 14:58:00,20.11,20.135,20.11,20.135,1067,0.0
2021-10-22 14:59:00,20.15,20.16,20.135,20.15,2979,0.0
